1	59	1	0.543
1	59	12	0.643
1	59	14	0.074
1	59	18	0
1	59	15	0.534
1	59	17	0.002
1	59	13	0.981
1	59	2	0.987
1	59	5	0.041
1	59	6	0.985
1	59	11	0.971
1	59	10	0.994
1	59	19	0
1	59	16	0.086
1	59	3	0.064
1	59	9	0.999
1	59	4	0.543
1	59	8	0.993
1	59	7	0.994
			
1	63	1	0.036
1	63	12	0.005
1	63	14	0.005
1	63	18	0.005
1	63	15	0.952
1	63	17	0.166
1	63	13	0.997
1	63	2	0.964
1	63	5	0.867
1	63	6	0.929
1	63	11	0.036
1	63	10	0.964
1	63	19	0.001
1	63	16	0.13
1	63	3	0.929
1	63	9	0.997
1	63	4	0.391
1	63	8	0.585
1	63	7	0.929
			
1	133	1	0.991
1	133	12	0.998
1	133	14	0.967
1	133	18	0
1	133	15	0.726
1	133	17	0.108
1	133	13	0.997
1	133	2	0.998
1	133	5	0.33
1	133	6	0.999
1	133	11	0.906
1	133	10	1
1	133	19	0.003
1	133	16	0.345
1	133	3	0.278
1	133	9	0.91
1	133	4	0.869
1	133	8	0.997
1	133	7	0.999
			
1	214	1	0.002
1	214	12	0
1	214	14	0
1	214	18	0
1	214	15	0.004
1	214	17	0.07
1	214	13	0.765
1	214	2	0.002
1	214	5	0.002
1	214	6	0
1	214	11	0.001
1	214	10	0
1	214	19	0
1	214	16	0.517
1	214	3	0.001
1	214	9	0.517
1	214	4	0.023
1	214	8	0
1	214	7	0
			
1	310	1	0.037
1	310	12	0.916
1	310	14	0.392
1	310	18	0.003
1	310	15	0.084
1	310	17	0.806
1	310	13	0.996
1	310	2	0.392
1	310	5	0.846
1	310	6	0.22
1	310	11	0.328
1	310	10	0.985
1	310	19	0.001
1	310	16	0.988
1	310	3	0.35
1	310	9	0.976
1	310	4	0.916
1	310	8	0.944
1	310	7	0.916
			
1	349	1	0.986
1	349	12	1
1	349	14	0.979
1	349	18	0.038
1	349	15	0.965
1	349	17	0.186
1	349	13	1
1	349	2	1
1	349	5	0.455
1	349	6	1
1	349	11	1
1	349	10	0.993
1	349	19	0.479
1	349	16	1
1	349	3	0.158
1	349	9	1
1	349	4	0.988
1	349	8	1
1	349	7	1
			
1	397	1	1
1	397	12	1
1	397	14	1
1	397	18	0.352
1	397	15	1
1	397	17	1
1	397	13	1
1	397	2	1
1	397	5	0.969
1	397	6	1
1	397	11	1
1	397	10	1
1	397	19	0.773
1	397	16	1
1	397	3	1
1	397	9	1
1	397	4	0.998
1	397	8	1
1	397	7	1
			
1	526	1	0.001
1	526	12	0
1	526	14	0
1	526	18	0
1	526	15	0.068
1	526	17	0.01
1	526	13	0.691
1	526	2	0.001
1	526	5	0
1	526	6	0
1	526	11	0
1	526	10	0
1	526	19	0
1	526	16	0.163
1	526	3	0.001
1	526	9	0.163
1	526	4	0
1	526	8	0
1	526	7	0
			
2	325	1	0.033
2	325	12	0.004
2	325	14	0.006
2	325	18	0
2	325	15	0.033
2	325	17	0.005
2	325	13	0.989
2	325	2	0.961
2	325	5	0.699
2	325	6	0.699
2	325	11	0.263
2	325	10	0.961
2	325	19	0
2	325	16	0.891
2	325	3	0.534
2	325	9	0.961
2	325	4	0.891
2	325	8	0.86
2	325	7	0.699
			
2	504	1	0.049
2	504	12	0.064
2	504	14	0
2	504	18	0
2	504	15	0.005
2	504	17	0
2	504	13	0.931
2	504	2	0.006
2	504	5	0.006
2	504	6	0.003
2	504	11	0.005
2	504	10	0.507
2	504	19	0.011
2	504	16	0.783
2	504	3	0.077
2	504	9	0.005
2	504	4	0.077
2	504	8	0.112
2	504	7	0.002
			
2	514	1	0.531
2	514	12	0.001
2	514	14	0.029
2	514	18	0.109
2	514	15	0.906
2	514	17	0.002
2	514	13	0.993
2	514	2	0.784
2	514	5	0.425
2	514	6	0.029
2	514	11	0.358
2	514	10	0.917
2	514	19	0.022
2	514	16	0.975
2	514	3	0.473
2	514	9	0.053
2	514	4	0.784
2	514	8	0.575
2	514	7	0.001
			
2	522	1	0.231
2	522	12	0
2	522	14	0.005
2	522	18	0.004
2	522	15	0.718
2	522	17	0.002
2	522	13	0.963
2	522	2	0.491
2	522	5	0.013
2	522	6	0.166
2	522	11	0.012
2	522	10	0.662
2	522	19	0.001
2	522	16	0.954
2	522	3	0.001
2	522	9	0.772
2	522	4	0.326
2	522	8	0.001
2	522	7	0.166
			
3	90	1	1
3	90	12	1
3	90	14	1
3	90	18	0.023
3	90	15	0.929
3	90	17	0.994
3	90	13	1
3	90	2	1
3	90	5	0.968
3	90	6	1
3	90	11	1
3	90	10	1
3	90	19	0.846
3	90	16	1
3	90	3	0.993
3	90	9	1
3	90	4	0.998
3	90	8	1
3	90	7	1
			
3	72	1	0.62
3	72	12	0.754
3	72	14	0.878
3	72	18	0.072
3	72	15	0.775
3	72	17	0.079
3	72	13	0.997
3	72	2	0.999
3	72	5	0.325
3	72	6	0.999
3	72	11	0.998
3	72	10	1
3	72	19	0.001
3	72	16	0.998
3	72	3	0.024
3	72	9	1
3	72	4	0.867
3	72	8	0.999
3	72	7	0.999
			
3	481	1	0.013
3	481	12	0.014
3	481	14	0.001
3	481	18	0.004
3	481	15	0.138
3	481	17	0.024
3	481	13	0.988
3	481	2	0.039
3	481	5	0.176
3	481	6	0.014
3	481	11	0.029
3	481	10	0.007
3	481	19	0
3	481	16	0.957
3	481	3	0.783
3	481	9	0.068
3	481	4	0.031
3	481	8	0.01
3	481	7	0.003
			
3	397	1	0.997
3	397	12	1
3	397	14	0.999
3	397	18	0.099
3	397	15	1
3	397	17	0.38
3	397	13	1
3	397	2	1
3	397	5	0.864
3	397	6	1
3	397	11	1
3	397	10	1
3	397	19	0.063
3	397	16	0.99
3	397	3	0.497
3	397	9	1
3	397	4	0.894
3	397	8	1
3	397	7	1
			
3	307	1	0.638
3	307	12	0.992
3	307	14	0.336
3	307	18	0
3	307	15	0.413
3	307	17	0.003
3	307	13	0.987
3	307	2	0.991
3	307	5	0.007
3	307	6	0.99
3	307	11	0.886
3	307	10	0.999
3	307	19	0
3	307	16	0.996
3	307	3	0.093
3	307	9	0.998
3	307	4	0.247
3	307	8	0.867
3	307	7	0.985
			
3	304	1	0.972
3	304	12	0.999
3	304	14	0.984
3	304	18	0
3	304	15	0.85
3	304	17	0.124
3	304	13	0.998
3	304	2	1
3	304	5	0.442
3	304	6	0.999
3	304	11	0.999
3	304	10	1
3	304	19	0.159
3	304	16	1
3	304	3	0.105
3	304	9	1
3	304	4	0.915
3	304	8	1
3	304	7	1
			

			
3	298	1	0.026
3	298	12	0.104
3	298	14	0.173
3	298	18	0
3	298	15	0.408
3	298	17	0
3	298	13	0.987
3	298	2	0.991
3	298	5	0.009
3	298	6	0.965
3	298	11	0.933
3	298	10	0.996
3	298	19	0
3	298	16	0.024
3	298	3	0.028
3	298	9	0.999
3	298	4	0.017
3	298	8	0.99
3	298	7	0.992
			
3	271	1	0.332
3	271	12	0.15
3	271	14	0.241
3	271	18	0
3	271	15	0.165
3	271	17	0.011
3	271	13	0.991
3	271	2	0.994
3	271	5	0.02
3	271	6	0.988
3	271	11	0.835
3	271	10	0.998
3	271	19	0.001
3	271	16	0.998
3	271	3	0.009
3	271	9	0.998
3	271	4	0.665
3	271	8	0.921
3	271	7	0.995
			
3	127	1	0.008
3	127	12	0.002
3	127	14	0.003
3	127	18	0
3	127	15	0.017
3	127	17	0.001
3	127	13	0.874
3	127	2	0.648
3	127	5	0.01
3	127	6	0.051
3	127	11	0.017
3	127	10	0.004
3	127	19	0.001
3	127	16	0.955
3	127	3	0.008
3	127	9	0.018
3	127	4	0.008
3	127	8	0.006
3	127	7	0.206
			
3	104	1	0.999
3	104	12	1
3	104	14	0.997
3	104	18	0.005
3	104	15	0.972
3	104	17	0.617
3	104	13	1
3	104	2	1
3	104	5	0.867
3	104	6	1
3	104	11	0.992
3	104	10	1
3	104	19	0.039
3	104	16	0.874
3	104	3	0.836
3	104	9	0.998
3	104	4	0.989
3	104	8	1
3	104	7	1
			
3	391	1	0.688	
3	391	12	0.253	
3	391	14	0.045	
3	391	18	0	
3	391	15	0.468	
3	391	17	0	
3	391	13	0.097	
3	391	2	0.997	
3	391	5	0.05	
3	391	6	0.988	
3	391	11	0.976	
3	391	10	0.253	
3	391	19	0.001	
3	391	16	0.986	
3	391	3	0.017	
3	391	9	0.997	
3	391	4	0.835	
3	391	8	0.998	
3	391	7	0.999	
				
			
			
			
			
			
			
			
			
			
			
			
			
			
			
			
			
			
			
			
			
			
			
			
			
			
			
			
			
			
			
			
			
			
			
			
			
			
			
			
			
			
			
			
			
			
			
			
			
			
			
			
			
			
			
			
			
			
			
			
			
			
			
			
			
			
			
			
			
			
			
			
			
			
			
			
			
			
			
			
4	141	1	0.995
4	141	12	0.997
4	141	14	0.997
4	141	18	0.002
4	141	15	0.989
4	141	17	0.225
4	141	13	1
4	141	2	1
4	141	5	0.762
4	141	6	1
4	141	11	0.978
4	141	10	1
4	141	19	0.017
4	141	16	0.874
4	141	3	0.836
4	141	9	1
4	141	4	0.977
4	141	8	1
4	141	7	1
			
4	152	1	0.388
4	152	12	0.739
4	152	14	0.491
4	152	18	0.001
4	152	15	0.885
4	152	17	0.057
4	152	13	0.145
4	152	2	0.996
4	152	5	0.226
4	152	6	0.998
4	152	11	0.421
4	152	10	0.999
4	152	19	0.019
4	152	16	0.387
4	152	3	0.188
4	152	9	1
4	152	4	0.798
4	152	8	0.998
4	152	7	0.998
			
4	282	1	0.894
4	282	12	1
4	282	14	0.998
4	282	18	0.009
4	282	15	0.977
4	282	17	0.988
4	282	13	1
4	282	2	1
4	282	5	0.793
4	282	6	1
4	282	11	1
4	282	10	1
4	282	19	0.325
4	282	16	1
4	282	3	0.993
4	282	9	1
4	282	4	0.981
4	282	8	1
4	282	7	1
			
4	374	1	0.748
4	374	12	0.818
4	374	14	0.459
4	374	18	0
4	374	15	0.34
4	374	17	0.01
4	374	13	0.438
4	374	2	0.995
4	374	5	0.015
4	374	6	0.994
4	374	11	0.994
4	374	10	0.718
4	374	19	0.017
4	374	16	0.998
4	374	3	0.002
4	374	9	0.999
4	374	4	0.593
4	374	8	0.997
4	374	7	0.996
			
			
			
			
			
			
			
			
			
			
			
			
			
			
			
			
			
			
			
			
			
5	128	1	0.772
5	128	12	0.999
5	128	14	0.95
5	128	18	0
5	128	15	0.95
5	128	17	0.069
5	128	13	0.998
5	128	2	0.998
5	128	5	0.264
5	128	6	0.998
5	128	11	0.996
5	128	10	0.999
5	128	19	0.231
5	128	16	0.999
5	128	3	0.363
5	128	9	1
5	128	4	0.829
5	128	8	0.998
5	128	7	0.999
			
6	8	1	0.001
6	8	12	0.024
6	8	14	0
6	8	18	0.004
6	8	15	0.241
6	8	17	0
6	8	13	0.907
6	8	2	0.46
6	8	5	0.107
6	8	6	0.107
6	8	11	0.001
6	8	10	0.195
6	8	19	0
6	8	16	0.46
6	8	3	0.057
6	8	9	0.722
6	8	4	0.107
6	8	8	0.083
6	8	7	0.107
			
6	73	1	0.995
6	73	12	1
6	73	14	1
6	73	18	0.054
6	73	15	0.998
6	73	17	0.985
6	73	13	1
6	73	2	1
6	73	5	0.931
6	73	6	1
6	73	11	1
6	73	10	1
6	73	19	0.264
6	73	16	1
6	73	3	0.985
6	73	9	1
6	73	4	0.999
6	73	8	1
6	73	7	1
			
6	482	1	0.981
6	482	12	1
6	482	14	0.998
6	482	18	0.029
6	482	15	0.992
6	482	17	0.48
6	482	13	1
6	482	2	1
6	482	5	0.789
6	482	6	1
6	482	11	1
6	482	10	1
6	482	19	0.091
6	482	16	1
6	482	3	0.745
6	482	9	1
6	482	4	0.998
6	482	8	1
6	482	7	1
			
6	41	1	0.038
6	41	12	0.798
6	41	14	0.05
6	41	18	0.001
6	41	15	0.611
6	41	17	0.913
6	41	13	0.997
6	41	2	0.966
6	41	5	0.933
6	41	6	0.933
6	41	11	0.599
6	41	10	0.966
6	41	19	0.104
6	41	16	0.997
6	41	3	0.966
6	41	9	0.997
6	41	4	0.966
6	41	8	0.913
6	41	7	0.933
			
6	369	1	0.949
6	369	12	0.976
6	369	14	0.525
6	369	18	0
6	369	15	0.225
6	369	17	0.17
6	369	13	0.994
6	369	2	0.999
6	369	5	0.039
6	369	6	0.992
6	369	11	0.969
6	369	10	0.881
6	369	19	0.009
6	369	16	0.994
6	369	3	0.311
6	369	9	1
6	369	4	0.794
6	369	8	0.999
6	369	7	0.998
			
6	365	1	0.627
6	365	12	0.205
6	365	14	0.763
6	365	18	0
6	365	15	0.606
6	365	17	0.001
6	365	13	0.994
6	365	2	0.999
6	365	5	0.222
6	365	6	0.998
6	365	11	0.849
6	365	10	0.999
6	365	19	0.001
6	365	16	0.112
6	365	3	0.1
6	365	9	1
6	365	4	0.794
6	365	8	0.998
6	365	7	0.999
			
6	286	1	0.992
6	286	12	1
6	286	14	1
6	286	18	0.007
6	286	15	0.992
6	286	17	0.978
6	286	13	1
6	286	2	0.998
6	286	5	0.9
6	286	6	1
6	286	11	1
6	286	10	0.999
6	286	19	0.617
6	286	16	1
6	286	3	0.977
6	286	9	1
6	286	4	0.997
6	286	8	1
6	286	7	1
			
7	100	1	0.934
7	100	12	0.998
7	100	14	0.919
7	100	18	0.008
7	100	15	0.505
7	100	17	0.816
7	100	13	0.996
7	100	2	0.997
7	100	5	0.002
7	100	6	0.997
7	100	11	0.951
7	100	10	0.999
7	100	19	0.011
7	100	16	0.999
7	100	3	0.677
7	100	9	1
7	100	4	0.743
7	100	8	0.997
7	100	7	0.998
			
7	13	1	0
7	13	12	0.023
7	13	14	0
7	13	18	0.003
7	13	15	0.375
7	13	17	0
7	13	13	0.75
7	13	2	0.443
7	13	5	0.1
7	13	6	0.1
7	13	11	0.017
7	13	10	0.185
7	13	19	0
7	13	16	0.707
7	13	3	0.053
7	13	9	0.707
7	13	4	0.281
7	13	8	0.228
7	13	7	0.1
			
7	141	1	0.772
7	141	12	0.999
7	141	14	0.95
7	141	18	0.001
7	141	15	0.95
7	141	17	0.069
7	141	13	0.998
7	141	2	0.998
7	141	5	0.264
7	141	6	0.998
7	141	11	0.996
7	141	10	0.999
7	141	19	0.116
7	141	16	0.999
7	141	3	0.363
7	141	9	1
7	141	4	0.908
7	141	8	0.998
7	141	7	0.999
			
7	291	1	0.983
7	291	12	1
7	291	14	1
7	291	18	0.014
7	291	15	0.982
7	291	17	0.966
7	291	13	1
7	291	2	0.996
7	291	5	0.76
7	291	6	1
7	291	11	1
7	291	10	0.998
7	291	19	0.431
7	291	16	0.982
7	291	3	0.319
7	291	9	1
7	291	4	0.992
7	291	8	1
7	291	7	1
			
			
7	320	1	1
7	320	12	1
7	320	14	1
7	320	18	0.551
7	320	15	0.997
7	320	17	0.851
7	320	13	0.988
7	320	2	0.999
7	320	5	0.851
7	320	6	1
7	320	11	1
7	320	10	1
7	320	19	0.642
7	320	16	1
7	320	3	0.947
7	320	9	1
7	320	4	0.994
7	320	8	1
7	320	7	1
			
7	369	1	0.927
7	369	12	0.664
7	369	14	0.914
7	369	18	0.001
7	369	15	0.836
7	369	17	0.04
7	369	13	0.998
7	369	2	1
7	369	5	0.486
7	369	6	0.999
7	369	11	0.977
7	369	10	1
7	369	19	0.006
7	369	16	0.294
7	369	3	0.425
7	369	9	1
7	369	4	0.927
7	369	8	0.999
7	369	7	1
			
7	467	1	0.691
7	467	12	0.991
7	467	14	0.642
7	467	18	0.003
7	467	15	0.671
7	467	17	0.017
7	467	13	0.995
7	467	2	0.999
7	467	5	0.275
7	467	6	0.998
7	467	11	0.988
7	467	10	1
7	467	19	0.001
7	467	16	0.835
7	467	3	0.229
7	467	9	1
7	467	4	0.837
7	467	8	0.998
7	467	7	0.999
			
7	523	1	0.04
7	523	12	0.781
7	523	14	0.267
7	523	18	0.002
7	523	15	0.049
7	523	17	0.823
7	523	13	0.993
7	523	2	0.267
7	523	5	0.638
7	523	6	0.468
7	523	11	0.399
7	523	10	0.005
7	523	19	0.007
7	523	16	0.993
7	523	3	0.974
7	523	9	0.993
7	523	4	0.861
7	523	8	0.904
7	523	7	0.926
			
8	115	1	1
8	115	12	1
8	115	14	1
8	115	18	0.999
8	115	15	1
8	115	17	1
8	115	13	1
8	115	2	1
8	115	5	1
8	115	6	1
8	115	11	1
8	115	10	1
8	115	19	1
8	115	16	1
8	115	3	1
8	115	9	1
8	115	4	1
8	115	8	1
8	115	7	1
			
8	174	1	0.945
8	174	12	0.998
8	174	14	0.987
8	174	18	0
8	174	15	0.494
8	174	17	0.778
8	174	13	0.997
8	174	2	0.991
8	174	5	0.089
8	174	6	0.651
8	174	11	0.996
8	174	10	0.999
8	174	19	0.001
8	174	16	0.997
8	174	3	0.455
8	174	9	0.999
8	174	4	0.726
8	174	8	0.716
8	174	7	0.996
			
8	204	1	0.996
8	204	12	0.998
8	204	14	0.989
8	204	18	0.685
8	204	15	0.998
8	204	17	0.538
8	204	13	1
8	204	2	1
8	204	5	0.998
8	204	6	1
8	204	11	0.996
8	204	10	1
8	204	19	0.484
8	204	16	0.789
8	204	3	0.994
8	204	9	1
8	204	4	1
8	204	8	1
8	204	7	1
			
8	283	1	0.026
8	283	12	0.883
8	283	14	0.52
8	283	18	0.002
8	283	15	0.252
8	283	17	0.851
8	283	13	0.994
8	283	2	0.939
8	283	5	0.883
8	283	6	0.883
8	283	11	0.741
8	283	10	0.939
8	283	19	0.06
8	283	16	0.983
8	283	3	0.939
8	283	9	0.994
8	283	4	0.883
8	283	8	0.851
8	283	7	0.883
			
8	336	1	0.996
8	336	12	0.999
8	336	14	0.989
8	336	18	0.175
8	336	15	0.971
8	336	17	0.996
8	336	13	1
8	336	2	1
8	336	5	0.998
8	336	6	0.999
8	336	11	0.998
8	336	10	0.999
8	336	19	0.476
8	336	16	1
8	336	3	0.999
8	336	9	1
8	336	4	1
8	336	8	1
8	336	7	0.999
			
8	359	1	1
8	359	12	1
8	359	14	1
8	359	18	0.85
8	359	15	1
8	359	17	0.998
8	359	13	1
8	359	2	1
8	359	5	0.979
8	359	6	1
8	359	11	1
8	359	10	1
8	359	19	0.555
8	359	16	1
8	359	3	0.996
8	359	9	1
8	359	4	1
8	359	8	1
8	359	7	1
			
8	361	1	0.01
8	361	12	0.613
8	361	14	0.085
8	361	18	0.001
8	361	15	0.066
8	361	17	0.024
8	361	13	0.974
8	361	2	0.031
8	361	5	0.184
8	361	6	0.442
8	361	11	0.146
8	361	10	0.007
8	361	19	0
8	361	16	0.924
8	361	3	0.613
8	361	9	0.924
8	361	4	0.007
8	361	8	0.544
8	361	7	0.613
			
8	434	1	0.254
8	434	12	0.184
8	434	14	0.001
8	434	18	0
8	434	15	0.03
8	434	17	0.001
8	434	13	0.974
8	434	2	0.762
8	434	5	0.254
8	434	6	0.613
8	434	11	0.184
8	434	10	0.762
8	434	19	0
8	434	16	0.007
8	434	3	0.442
8	434	9	0.974
8	434	4	0.708
8	434	8	0.762
8	434	7	0.762
			
8	441	1	0.433
8	441	12	0.003
8	441	14	0.001
8	441	18	0.136
8	441	15	0.845
8	441	17	0.017
8	441	13	0.988
8	441	2	0.878
8	441	5	0.728
8	441	6	0.78
8	441	11	0.337
8	441	10	0.878
8	441	19	0.001
8	441	16	0.965
8	441	3	0.64
8	441	9	0.988
8	441	4	0.728
8	441	8	0.878
8	441	7	0.78
			
8	453	1	1
8	453	12	1
8	453	14	1
8	453	18	0.848
8	453	15	1
8	453	17	0.998
8	453	13	1
8	453	2	1
8	453	5	0.979
8	453	6	1
8	453	11	1
8	453	10	1
8	453	19	0.55
8	453	16	1
8	453	3	0.999
8	453	9	1
8	453	4	1
8	453	8	1
8	453	7	1
			
8	457	1	1
8	457	12	1
8	457	14	1
8	457	18	0.602
8	457	15	0.999
8	457	17	0.999
8	457	13	1
8	457	2	1
8	457	5	0.988
8	457	6	1
8	457	11	1
8	457	10	1
8	457	19	0.689
8	457	16	1
8	457	3	0.998
8	457	9	1
8	457	4	1
8	457	8	1
8	457	7	1
			
8	487	1	0.014
8	487	12	0.843
8	487	14	0.005
8	487	18	0
8	487	15	0.773
8	487	17	0
8	487	13	0.956
8	487	2	0.969
8	487	5	0.005
8	487	6	0.888
8	487	11	0.098
8	487	10	0.987
8	487	19	0
8	487	16	0.003
8	487	3	0.014
8	487	9	0.99
8	487	4	0.199
8	487	8	0.966
8	487	7	0.915
			
8	82	1	0.517
8	82	12	0.998
8	82	14	0.969
8	82	18	0
8	82	15	0.98
8	82	17	0.726
8	82	13	0.997
8	82	2	0.998
8	82	5	0.206
8	82	6	0.997
8	82	11	0.983
8	82	10	0.999
8	82	19	0
8	82	16	0.997
8	82	3	0.455
8	82	9	1
8	82	4	0.877
8	82	8	0.96
8	82	7	0.999
			
			
			
			
			
			
			
			
			
			
			
			
			
			
			
			
			
			
			
			
			
			
			
			
			
			
