1	2	1	0.483
1	2	12	0.834
1	2	14	0.278
1	2	18	0.338
1	2	15	0.182
1	2	17	0.897
1	2	13	0.995
1	2	2	0.946
1	2	5	0.834
1	2	6	0.088
1	2	11	0.791
1	2	10	0.976
1	2	19	0.008
1	2	16	0.995
1	2	3	0.982
1	2	9	0.995
1	2	4	0.946
1	2	8	0.976
1	2	7	0.712
			
1	62	1	0
1	62	12	0
1	62	14	0
1	62	18	0
1	62	15	0.011
1	62	17	0.001
1	62	13	0.908
1	62	2	0.108
1	62	5	0.019
1	62	6	0.048
1	62	11	0
1	62	10	0.156
1	62	19	0
1	62	16	0
1	62	3	0.108
1	62	9	0.462
1	62	4	0.008
1	62	8	0.057
1	62	7	0.108
			
1	428	1	0.686
1	428	12	0.962
1	428	14	0.124
1	428	18	0.303
1	428	15	0.961
1	428	17	0.999
1	428	13	1
1	428	2	0.994
1	428	5	0.949
1	428	6	0.972
1	428	11	0.949
1	428	10	1
1	428	19	0.674
1	428	16	1
1	428	3	1
1	428	9	0.997
1	428	4	0.945
1	428	8	0.416
1	428	7	0.987
1	225	1	0.003
			
1	225	12	0.001
1	225	14	0.003
1	225	18	0.004
1	225	15	0.12
1	225	17	0.045
1	225	13	0.026
1	225	2	0.009
1	225	5	0.056
1	225	6	0.001
1	225	11	0.001
1	225	10	0.001
1	225	19	0.001
1	225	16	0.026
1	225	3	0.02
1	225	9	0.011
1	225	4	0.248
1	225	8	0.001
1	225	7	0.002
			
2	433	1	1
2	433	12	1
2	433	14	1
2	433	18	1
2	433	15	1
2	433	17	1
2	433	13	1
2	433	2	1
2	433	5	1
2	433	6	1
2	433	11	1
2	433	10	1
2	433	19	1
2	433	16	1
2	433	3	1
2	433	9	1
2	433	4	1
2	433	8	1
2	433	7	1
			
			
			
			
			
			
			
			
			
			
			
			
			
			
			
			
			
			
			
			
			
			
			
			
			
			
			
			
			
			
			
			
			
			
			
			
			
			
			
			
3	370	1	1
3	370	12	1
3	370	14	0.996
3	370	3	1
3	370	15	1
3	370	18	1
3	370	13	1
3	370	17	1
3	370	5	1
3	370	6	0.999
3	370	11	1
3	370	10	1
3	370	19	1
3	370	16	1
3	370	2	0.999
3	370	9	1
3	370	4	1
3	370	8	1
3	370	7	1
			
3	364	1	1
3	364	12	1
3	364	14	0.993
3	364	3	1
3	364	15	1
3	364	18	0.999
3	364	13	1
3	364	17	1
3	364	5	1
3	364	6	1
3	364	11	0.997
3	364	10	1
3	364	19	1
3	364	16	1
3	364	2	1
3	364	9	1
3	364	4	1
3	364	8	1
3	364	7	1
			
3	340	1	0.024
3	340	12	0.109
3	340	14	0.023
3	340	3	0.067
3	340	15	0.072
3	340	18	0.005
3	340	13	0.971
3	340	17	0.013
3	340	5	0.004
3	340	6	0.01
3	340	11	0.002
3	340	10	0.915
3	340	19	0.004
3	340	16	0.999
3	340	2	0.015
3	340	9	0.026
3	340	4	0.01
3	340	8	0.018
3	340	7	0.015
			
3	197	1	0.044
3	197	12	0.347
3	197	14	0.044
3	197	3	0.462
3	197	15	0.917
3	197	18	0.02
3	197	13	0.997
3	197	17	0.228
3	197	5	0.011
3	197	6	0.033
3	197	11	0.015
3	197	10	0.991
3	197	19	0.018
3	197	16	0.889
3	197	2	0.062
3	197	9	0.977
3	197	4	0.228
3	197	8	0.927
3	197	7	0.827
			
3	164	1	0.001
3	164	12	0
3	164	14	0.001
3	164	3	0.014
3	164	15	0.039
3	164	18	0.003
3	164	13	0.942
3	164	17	0.259
3	164	5	0.001
3	164	6	0.001
3	164	11	0
3	164	10	0
3	164	19	0.001
3	164	16	0.842
3	164	2	0.003
3	164	9	0.014
3	164	4	0.006
3	164	8	0.001
3	164	7	0.001
			
3	133	1	
3	133	12	
3	133	14	
3	133	3	
3	133	15	
3	133	18	
3	133	13	
3	133	17	
3	133	5	
3	133	6	
3	133	11	
3	133	10	
3	133	19	
3	133	16	
3	133	2	
3	133	9	
3	133	4	
3	133	8	
3	133	7	
			
4	343	1	0.003
4	343	12	0.002
4	343	14	0.003
4	343	18	0.012
4	343	15	0.004
4	343	17	0.001
4	343	13	0.983
4	343	2	0.716
4	343	5	0.265
4	343	6	0.265
4	343	11	0.001
4	343	10	0.524
4	343	19	0.004
4	343	16	0.049
4	343	3	0.418
4	343	9	0.837
4	343	4	0.012
4	343	8	0.352
4	343	7	0.418
			
4	366	1	0.206
4	366	12	0.849
4	366	14	0.101
4	366	18	0.027
4	366	15	0.854
4	366	17	0.967
4	366	13	0.997
4	366	2	0.847
4	366	5	0.454
4	366	6	0.807
4	366	11	0.081
4	366	10	0.697
4	366	19	0.044
4	366	16	0.992
4	366	3	0.886
4	366	9	0.993
4	366	4	0.886
4	366	8	0.658
4	366	7	0.947
			
4	412	1	0.876
4	412	12	0.988
4	412	14	0.188
4	412	18	0.971
4	412	15	0.998
4	412	17	0.994
4	412	13	1
4	412	2	0.984
4	412	5	0.985
4	412	6	0.979
4	412	11	0.354
4	412	10	0.969
4	412	19	0.548
4	412	16	0.999
4	412	3	0.962
4	412	9	0.971
4	412	4	0.962
4	412	8	0.956
4	412	7	0.995
			
4	507	1	0.197
4	507	12	0.995
4	507	14	0.803
4	507	18	0.7
4	507	15	0.998
4	507	17	0.998
4	507	13	1
4	507	2	0.999
4	507	5	0.998
4	507	6	0.998
4	507	11	0.978
4	507	10	0.886
4	507	19	0.246
4	507	16	1
4	507	3	0.999
4	507	9	1
4	507	4	0.999
4	507	8	0.637
4	507	7	0.995
			
			
			
			
			
			
			
			
			
			
			
			
			
			
			
			
			
			
			
			
			
			
			
			
			
			
			
			
			
			
			
			
			
			
			
			
			
			
			
			
			
5	96	1	0.001
5	96	12	0.001
5	96	14	0.007
5	96	18	0.003
5	96	15	0.662
5	96	17	0.219
5	96	13	0.938
5	96	2	0.359
5	96	5	0.021
5	96	6	0.001
5	96	11	0.007
5	96	10	0.001
5	96	19	0
5	96	16	0.924
5	96	3	0.002
5	96	9	0.004
5	96	4	0.007
5	96	8	0.006
5	96	7	0
			
5	464	1	0.417
5	464	12	0.014
5	464	14	0.114
5	464	18	0.487
5	464	15	0.994
5	464	17	0.931
5	464	13	0.994
5	464	2	0.869
5	464	5	0.119
5	464	6	0.869
5	464	11	0.042
5	464	10	0.023
5	464	19	0.146
5	464	16	0.994
5	464	3	0.976
5	464	9	0.981
5	464	4	0.246
5	464	8	0.092
5	464	7	0.119
			
5	209	1	0.006
5	209	12	1
5	209	14	0.636
5	209	18	0.007
5	209	15	0.538
5	209	17	0.37
5	209	13	0.999
5	209	2	0.983
5	209	5	0.968
5	209	6	0.989
5	209	11	0.896
5	209	10	0.999
5	209	19	0.051
5	209	16	1
5	209	3	0.991
5	209	9	0.998
5	209	4	0.988
5	209	8	0.997
5	209	7	0.997
			
6	164	1	0
6	164	12	0.934
6	164	14	0.001
6	164	18	0
6	164	15	0.477
6	164	17	0.001
6	164	13	0.983
6	164	2	0.464
6	164	5	0.206
6	164	6	0.395
6	164	11	0.008
6	164	10	0.948
6	164	19	0
6	164	16	0.094
6	164	3	0.55
6	164	9	0.955
6	164	4	0.832
6	164	8	0.679
6	164	7	0.85
			
6	217	1	0.002
6	217	12	0.999
6	217	14	0.346
6	217	18	0.002
6	217	15	0.26
6	217	17	0.291
6	217	13	0.997
6	217	2	0.945
6	217	5	0.924
6	217	6	0.897
6	217	11	0.722
6	217	10	0.997
6	217	19	0.016
6	217	16	1
6	217	3	0.97
6	217	9	0.993
6	217	4	0.97
6	217	8	0.988
6	217	7	0.991
			
7	551	1	0.175
7	551	12	0.028
7	551	14	0.104
7	551	18	0.028
7	551	15	0.45
7	551	17	0.933
7	551	13	0.997
7	551	2	0.45
7	551	5	0.933
7	551	6	0.798
7	551	11	0.104
7	551	10	0.985
7	551	19	0.665
7	551	16	0.997
7	551	3	0.966
7	551	9	0.997
7	551	4	0.933
7	551	8	0.955
7	551	7	0.966
			
7	40	1	0.049
7	40	12	0.003
7	40	14	0.002
7	40	18	0.006
7	40	15	0.422
7	40	17	0.017
7	40	13	0.422
7	40	2	0
7	40	5	0
7	40	6	0.001
7	40	11	0.001
7	40	10	0.021
7	40	19	0.014
7	40	16	0.422
7	40	3	0
7	40	9	0.033
7	40	4	0.007
7	40	8	0
7	40	7	0.003
			
7	384	1	0.956
7	384	12	0.672
7	384	14	0.04
7	384	18	0.803
7	384	15	0.997
7	384	17	0.967
7	384	13	0.997
7	384	2	0.967
7	384	5	0.803
7	384	6	0.803
7	384	11	0.006
7	384	10	0.956
7	384	19	0.803
7	384	16	0.997
7	384	3	0.989
7	384	9	0.991
7	384	4	0.935
7	384	8	0.04
7	384	7	0.672
			
7	305	1	0.143
7	305	12	0.816
7	305	14	0.013
7	305	18	0.182
7	305	15	0.985
7	305	17	0.92
7	305	13	0.998
7	305	2	0.802
7	305	5	0.812
7	305	6	0.861
7	305	11	0.276
7	305	10	0.994
7	305	19	0.137
7	305	16	1
7	305	3	0.531
7	305	9	0.985
7	305	4	0.209
7	305	8	0.952
7	305	7	0.982
			
7	119	1	0.001
7	119	12	0.025
7	119	14	0
7	119	18	0.004
7	119	15	0.004
7	119	17	0.011
7	119	13	0.912
7	119	2	0.002
7	119	5	0
7	119	6	0
7	119	11	0
7	119	10	0
7	119	19	0
7	119	16	0.002
7	119	3	0.473
7	119	9	0.473
7	119	4	0
7	119	8	0.025
7	119	7	0.001
			
8	74	1	0.451
8	74	12	0.992
8	74	14	0.128
8	74	18	0.521
8	74	15	0.939
8	74	17	0.976
8	74	13	0.998
8	74	2	0.781
8	74	5	0.685
8	74	6	0.609
8	74	11	0.003
8	74	10	0.993
8	74	19	0.02
8	74	16	0.822
8	74	3	0.992
8	74	9	0.994
8	74	4	0.953
8	74	8	0.834
8	74	7	0.87
			
8	10	1	0
8	10	12	0.01
8	10	14	0
8	10	18	0.002
8	10	15	0.001
8	10	17	0.048
8	10	13	0.806
8	10	2	0.048
8	10	5	0.008
8	10	6	0.021
8	10	11	0
8	10	10	0.072
8	10	19	0
8	10	16	0.266
8	10	3	0.266
8	10	9	0.266
8	10	4	0
8	10	8	0.048
8	10	7	0.048
