			
			
			
			
			
			
			
			
			
			
			
			
			
			
			
			
			
			
			
			
			
			
			
			
			
			
			
			
			
			
			
			
			
			
			
			
			
			
			
52	1	1	
52	2	0.835	
52	3	0.538	
52	4	0.938	
52	5	0.599	
52	6	1	
52	7	1	
52	8	0.999	
52	9	1	
52	10	1	
52	11	0.989	
52	12	0.877	
52	13	0.999	
52	14	0.93	
52	15	0.889	
52	16	1	
52	17	0.168	
52	19	0.015	
52	20	0.004	
53	1	1	
53	2	0.997	
53	3	0.323	
53	4	0.754	
53	5	0.375	
53	6	0.999	
53	7	1	
53	8	1	
53	9	1	
53	10	1	
53	11	0.994	
53	12	0.999	
53	13	0.839	
53	14	0.962	
53	15	0.897	
53	16	0.82	
53	17	0.013	
53	19	0.321	
53	20	0.48	
			
			
			
			
			
			
			
			
			
			
			
			
			
			
			
			
			
			
			
			
			
			
			
			
			
			
			
			
			
			
			
			
			
			
			
			
			
			
			
			
			
			
			
			
			
			
			
			
			
			
			
			
			
			
			
			
			
			
			
			
			
			
			
			
			
			
			
			
			
			
			
			
			
			
			
			
			
			
			
			
			
			
			
			
			
			
			
			
			
			
			
			
			
			
			
64	1	1	
64	2	0.997	
64	3	0.863	
64	4	0.997	
64	5	0.889	
64	6	1	
64	7	1	
64	8	1	
64	9	0.998	
64	10	1	
64	11	0.998	
64	12	1	
64	13	1	
64	14	0.994	
64	15	0.993	
64	16	0.896	
64	17	0.451	
64	19	0.077	
64	20	0.274	
66	1	0.498	
66	2	1	
66	3	0.998	
66	4	1	
66	5	1	
66	6	1	
66	7	1	
66	8	1	
66	9	1	
66	10	1	
66	11	0.997	
66	12	0.976	
66	13	0.999	
66	14	0.999	
66	15	0.98	
66	16	0.874	
66	20	0.49	
66	18	0.712	
66	19	0.617	
68	1	1	
68	2	0.962	
68	3	0.187	
68	4	0.985	
68	5	0.458	
68	6	1	
68	7	1	
68	8	1	
68	9	1	
68	10	1	
68	11	0.999	
68	12	0.892	
68	13	0.999	
68	14	0.972	
68	15	0.967	
68	16	0.865	
68	17	0.597	
68	19	0.01	
68	20	0.074	
87	1	1	
87	2	1	
87	3	1	
87	4	1	
87	5	1	
87	6	1	
87	7	1	
87	8	1	
87	9	1	
87	10	1	
87	11	1	
87	12	1	
87	13	1	
87	14	1	
87	15	1	
87	16	1	
87	17	1	
87	19	0.981	
87	20	0.937	
88	1	1	
88	2	1	
88	3	0.988	
88	4	1	
88	5	1	
88	6	1	
88	7	1	
88	8	1	
88	9	1	
88	10	1	
88	11	1	
88	12	1	
88	13	1	
88	14	1	
88	15	1	
88	16	1	
88	17	0.949	
88	19	1	
88	20	1	
92	1	1	
92	2	1	
92	3	1	
92	4	1	
92	5	0.999	
92	6	1	
92	7	1	
92	8	1	
92	9	1	
92	10	1	
92	11	1	
92	12	1	
92	13	1	
92	14	1	
92	15	1	
92	16	1	
92	17	1	
92	19	0.997	
92	20	0.998	
95	1	1	
95	2	1	
95	3	0.98	
95	4	1	
95	5	0.997	
95	6	1	
95	7	1	
95	8	1	
95	9	1	
95	10	1	
95	11	1	
95	12	1	
95	13	1	
95	14	1	
95	15	0.999	
95	16	1	
95	17	0.992	
95	19	0.953	
95	20	0.958	
			
			
			
			
			
			
			
			
			
			
			
			
			
			
			
			
			
			
			
97	1	1	
97	2	1	
97	3	1	
97	4	1	
97	5	1	
97	6	1	
97	7	1	
97	8	1	
97	9	1	
97	10	1	
97	11	1	
97	12	1	
97	13	1	
97	14	1	
97	15	1	
97	16	1	
97	17	0.999	
97	19	0.997	
97	20	0.998	
99	1	1	
99	2	1	
99	3	1	
99	4	0.999	
99	5	0.999	
99	6	1	
99	7	1	
99	8	1	
99	9	1	
99	10	1	
99	11	1	
99	12	1	
99	13	1	
99	14	1	
99	15	1	
99	16	1	
99	17	0.999	
99	19	1	
99	20	0.999	
			
			
			
			
			
			
			
			
			
			
			
			
			
			
			
			
			
			
			
			
			
			
			
			
			
			
			
			
			
			
			
			
			
			
			
			
			
			
104	1	1	
104	2	1	
104	3	0.999	
104	4	0.987	
104	5	0.989	
104	6	1	
104	7	1	
104	8	1	
104	9	1	
104	10	1	
104	11	1	
104	12	1	
104	13	1	
104	14	1	
104	15	1	
104	16	1	
104	17	1	
104	19	0.983	
104	20	0.955	
			
			
			
			
			
			
			
			
			
			
			
			
			
			
			
			
			
			
			
			
			
			
			
			
			
			
			
			
			
			
			
			
			
			
			
			
			
			
			
			
			
			
			
			
			
			
			
			
			
			
			
			
			
			
			
			
			
			
			
			
			
			
			
			
			
			
			
			
			
			
			
			
			
			
			
			
			
			
			
			
			
			
			
			
			
			
			
			
			
			
			
			
			
			
			
			
			
			
			
			
			
			
			
			
			
			
			
			
			
			
			
			
			
			
			
			
			
			
			
			
			
			
			
			
			
			
			
			
			
			
			
			
			
			
			
			
			
			
			
			
			
			
			
			
			
			
			
			
			
			
			
			
			
			
			
			
			
			
			
			
			
			
			
			
			
			
			
			
			
			
			
			
			
			
			
			
			
			
			
			
			
			
			
			
			
			
			
			
			
			
			
			
			
			
			
			
			
			
			
			
			
			
			
			
			
			
			
			
			
			
			
			
			
			
			
			
			
			
			
			
			
			
			
			
			
			
			
			
			
			
			
			
			
			
			
			
			
			
			
			
			
			
			
			
			
			
			
			
			
			
			
			
			
			
			
			
			
			
			
			
			
			
			
			
			
			
			
			
			
			
			
			
			
			
			
			
			
			
			
			
			
			
			
			
			
			
			
			
			
			
			
			
			
			
			
			
			
			
			
			
			
			
			
			
			
			
			
			
			
			
			
			
			
			
			
			
			
			
			
			
			
			
			
244	1	1	
244	2	1	
244	3	1	
244	4	1	
244	5	1	
244	6	1	
244	7	1	
244	8	1	
244	9	1	
244	10	1	
244	11	1	
244	12	1	
244	13	1	
244	14	1	
244	15	1	
244	16	1	
244	17	1	
244	19	1	
244	20	0.999	
246	1	1	
246	2	1	
246	3	1	
246	4	1	
246	5	0.995	
246	6	1	
246	7	1	
246	8	1	
246	9	1	
246	10	1	
246	11	1	
246	12	1	
246	13	1	
246	14	1	
246	15	1	
246	16	1	
246	17	1	
246	19	0.981	
246	20	0.937	
			
			
			
			
			
			
			
			
			
			
			
			
			
			
			
			
			
			
			
			
			
			
			
			
			
			
			
			
			
			
			
			
			
			
			
			
			
			
			
			
			
			
			
			
			
			
			
			
			
			
			
			
			
			
			
			
			
			
			
			
			
			
			
			
			
			
			
			
			
			
			
			
			
			
			
			
			
			
			
			
			
			
			
			
			
			
			
			
			
			
			
			
			
			
			
			
			
			
			
			
			
			
			
			
			
			
			
			
			
			
			
			
			
			
			
			
			
			
			
			
			
			
			
			
			
			
			
			
			
			
			
			
			
			
			
			
			
			
			
			
			
			
			
			
			
			
			
			
			
			
			
			
			
			
			
			
			
			
			
			
			
			
			
			
			
			
			
			
			
			
			
274	1	1	
274	2	1	
274	3	1	
274	4	1	
274	5	0.995	
274	6	1	
274	7	1	
274	8	1	
274	9	1	
274	10	1	
274	11	1	
274	12	1	
274	13	1	
274	14	1	
274	15	1	
274	16	1	
274	17	0.995	
274	19	0.992	
274	20	0.996	
			
			
			
			
			
			
			
			
			
			
			
			
			
			
			
			
			
			
			
281	1	1	
281	2	0.999	
281	3	0.964	
281	4	0.997	
281	5	0.972	
281	6	1	
281	7	1	
281	8	1	
281	9	1	
281	10	1	
281	11	1	
281	12	1	
281	13	0.977	
281	14	1	
281	15	0.972	
281	16	1	
281	17	0.824	
281	19	0.511	
281	20	0.281	
			
			
			
			
			
			
			
			
			
			
			
			
			
			
			
			
			
			
			
			
			
			
			
			
			
			
			
			
			
			
			
			
			
			
			
			
			
			
			
			
			
			
			
			
			
			
			
			
			
			
			
			
			
			
			
			
			
			
			
			
			
			
			
			
			
			
			
			
			
			
			
			
			
			
			
			
			
			
			
			
			
			
			
			
			
			
			
			
			
			
			
			
			
			
			
294	1	1	
294	2	0.948	
294	3	0.808	
294	4	0.354	
294	5	0.57	
294	6	1	
294	7	1	
294	8	1	
294	9	0.997	
294	10	0.951	
294	11	0.997	
294	12	0.918	
294	13	0.844	
294	14	0.954	
294	15	0.879	
294	16	0.852	
294	17	0.094	
294	19	0.053	
294	20	0.241	
			
			
			
			
			
			
			
			
			
			
			
			
			
			
			
			
			
			
			
296	1	1	
296	2	1	
296	3	1	
296	4	1	
296	5	1	
296	6	1	
296	7	1	
296	8	1	
296	9	1	
296	10	1	
296	11	1	
296	12	1	
296	13	1	
296	14	1	
296	15	1	
296	16	1	
296	17	1	
296	19	0.999	
296	20	1	
			
			
			
			
			
			
			
			
			
			
			
			
			
			
			
			
			
			
			
			
			
			
			
			
			
			
			
			
			
			
			
			
			
			
			
			
			
			
			
			
			
			
			
			
			
			
			
			
			
			
			
			
			
			
			
			
			
			
			
			
			
			
			
			
			
			
			
			
			
			
			
			
			
			
			
			
			
			
			
			
			
			
			
			
			
			
			
			
			
			
			
			
			
			
			
325	1	1	
325	2	1	
325	3	0.996	
325	4	0.999	
325	5	0.998	
325	6	1	
325	7	1	
325	8	1	
325	9	1	
325	10	1	
325	11	1	
325	12	1	
325	13	1	
325	14	1	
325	15	1	
325	16	1	
325	17	0.998	
325	19	0.999	
325	20	0.998	
326	1	0.812	
326	2	0.202	
326	3	0.683	
326	4	0.868	
326	5	0.812	
326	6	0.175	
326	7	0.812	
326	8	0.897	
326	9	0.987	
326	10	0.953	
326	11	0.202	
326	12	0.02	
326	13	0.971	
326	14	0.007	
326	15	0.202	
326	16	0.047	
326	17	0.001	
326	19	0.005	
326	20	0.005	
			
			
			
			
			
			
			
			
			
			
			
			
			
			
			
			
			
			
			
			
			
			
			
			
			
			
			
			
			
			
			
			
			
			
			
			
			
			
			
			
			
			
			
			
			
			
			
			
			
			
			
			
			
			
			
			
			
			
			
			
			
			
			
			
			
			
			
			
			
			
			
			
			
			
			
			
333	1	1	
333	2	1	
333	3	0.999	
333	4	1	
333	5	0.999	
333	6	1	
333	7	1	
333	8	1	
333	9	1	
333	10	1	
333	11	1	
333	12	1	
333	13	1	
333	14	1	
333	15	1	
333	16	1	
333	17	0.992	
333	19	0.996	
333	20	0.996	
335	1	1	
335	2	0.869	
335	3	0.659	
335	4	0.926	
335	5	0.549	
335	6	0.999	
335	7	0.992	
335	8	1	
335	9	1	
335	10	0.987	
335	11	0.993	
335	12	0.922	
335	13	0.999	
335	14	0.957	
335	15	0.977	
335	16	0.903	
335	17	0.379	
335	19	0.148	
335	20	0.436	
336	1	0.993	
336	2	0.449	
336	3	0.219	
336	4	0.971	
336	5	0.92	
336	6	0.92	
336	7	0.978	
336	8	0.978	
336	9	0.942	
336	10	0.148	
336	11	0.851	
336	12	0.851	
336	13	0.993	
336	14	0.449	
336	15	0.251	
336	16	0.993	
336	17	0.175	
336	19	0.08	
336	20	0.002	
			
			
			
			
			
			
			
			
			
			
			
			
			
			
			
			
			
			
			
339	1	0.996	
339	2	0.644	
339	3	0.187	
339	4	0.662	
339	5	0.126	
339	6	0.995	
339	7	0.997	
339	8	0.977	
339	9	1	
339	10	0.998	
339	11	0.97	
339	12	0.993	
339	13	0.992	
339	14	0.21	
339	15	0.612	
339	16	0.995	
339	17	0.001	
339	19	0	
339	20	0.001	
			
			
			
			
			
			
			
			
			
			
			
			
			
			
			
			
			
			
			
			
			
			
			
			
			
			
			
			
			
			
			
			
			
			
			
			
			
			
			
			
			
			
			
			
			
			
			
			
			
			
			
			
			
			
			
			
			
			
			
			
			
			
			
			
			
			
			
			
			
			
			
			
			
			
			
			
391	1	1	
391	2	1	
391	3	0.997	
391	4	0.991	
391	5	0.969	
391	6	1	
391	7	1	
391	8	1	
391	9	1	
391	10	1	
391	11	1	
391	12	1	
391	13	1	
391	14	1	
391	15	0.999	
391	16	1	
391	17	0.969	
391	19	0.754	
391	20	0.857	
			
			
			
			
			
			
			
			
			
			
			
			
			
			
			
			
			
			
			
			
			
			
			
			
			
			
			
			
			
			
			
			
			
			
			
			
			
			
404	1	1	
404	2	1	
404	3	1	
404	4	0.995	
404	5	0.995	
404	6	1	
404	7	1	
404	8	1	
404	9	1	
404	10	1	
404	11	1	
404	12	1	
404	13	1	
404	14	1	
404	15	1	
404	16	1	
404	17	1	
404	19	0.988	
404	20	0.998	
408	1	0.987	
408	2	0.483	
408	3	0.996	
408	4	0.424	
408	5	0.948	
408	6	0.987	
408	7	0.996	
408	8	0.987	
408	9	0.999	
408	10	0.996	
408	11	0.965	
408	12	0.987	
408	13	0.998	
408	14	0.681	
408	15	0.796	
408	16	0.999	
408	17	0.965	
408	19	0.003	
408	20	0.055	
			
			
			
			
			
			
			
			
			
			
			
			
			
			
			
			
			
			
			
			
			
			
			
			
			
			
			
			
			
			
			
			
			
			
			
			
			
			
			
			
			
			
			
			
			
			
			
			
			
			
			
			
			
			
			
			
			
			
			
			
			
			
			
			
			
			
			
			
			
			
			
			
			
			
			
			
475	1	1	
475	2	1	
475	3	1	
475	4	1	
475	5	0.999	
475	6	1	
475	7	1	
475	8	1	
475	9	1	
475	10	1	
475	11	1	
475	12	1	
475	13	1	
475	14	1	
475	15	1	
475	16	1	
475	17	1	
475	19	0.99	
475	20	0.996	
478	1	0.998	
478	2	0.994	
478	3	0.976	
478	4	0.997	
478	5	0.994	
478	6	0.998	
478	7	0.998	
478	8	0.998	
478	9	0.999	
478	10	0.997	
478	11	0.988	
478	12	0.988	
478	13	0.999	
478	14	0.828	
478	15	0.828	
478	16	0.279	
478	17	0.008	
478	19	0.406	
478	20	0.223	
			
			
			
			
			
			
			
			
			
			
			
			
			
			
			
			
			
			
			
485	1	1	
485	2	1	
485	3	0.999	
485	4	1	
485	5	0.992	
485	6	1	
485	7	1	
485	8	1	
485	9	1	
485	10	1	
485	11	1	
485	12	1	
485	13	0.996	
485	14	1	
485	15	0.999	
485	16	1	
485	17	0.989	
485	19	0.889	
485	20	0.98	
489	1	0.999	
489	2	0.996	
489	3	0.001	
489	4	0.901	
489	5	0.471	
489	6	0.999	
489	7	0.999	
489	8	1	
489	9	1	
489	10	1	
489	11	0.999	
489	12	0.999	
489	13	0.998	
489	14	0.992	
489	15	0.827	
489	16	0.999	
489	17	0.002	
489	19	0.009	
489	20	0.002	
			
			
			
			
			
			
			
			
			
			
			
			
			
			
			
			
			
			
			
			
			
			
			
			
			
			
			
			
			
			
			
			
			
			
			
			
			
			
