			
			
			
			
			
			
			
			
			
			
			
			
			
			
			
			
			
			
			
			
			
			
			
			
			
			
			
			
			
			
			
			
			
			
			
			
			
			
			
52	1	1	
52	2	0.835	
52	3	0.538	
52	4	0.938	
52	5	0.599	
52	6	1	
52	7	1	
52	8	0.999	
52	9	1	
52	10	1	
52	11	0.989	
52	12	0.877	
52	13	0.999	
52	14	0.93	
52	15	0.889	
52	16	1	
52	17	0.168	
52	19	0.015	
52	20	0.004	
53	1	1	
53	2	0.997	
53	3	0.323	
53	4	0.754	
53	5	0.375	
53	6	0.999	
53	7	1	
53	8	1	
53	9	1	
53	10	1	
53	11	0.994	
53	12	0.999	
53	13	0.839	
53	14	0.962	
53	15	0.897	
53	16	0.82	
53	17	0.013	
53	19	0.321	
53	20	0.48	
			
			
			
			
			
			
			
			
			
			
			
			
			
			
			
			
			
			
			
			
			
			
			
			
			
			
			
			
			
			
			
			
			
			
			
			
			
			
			
			
			
			
			
			
			
			
			
			
			
			
			
			
			
			
			
			
			
			
			
			
			
			
			
			
			
			
			
			
			
			
			
			
			
			
			
			
			
			
			
			
			
			
			
			
			
			
			
			
			
			
			
			
			
			
			
64	1	1	
64	2	0.997	
64	3	0.863	
64	4	0.997	
64	5	0.889	
64	6	1	
64	7	1	
64	8	1	
64	9	0.998	
64	10	1	
64	11	0.998	
64	12	1	
64	13	1	
64	14	0.994	
64	15	0.993	
64	16	0.896	
64	17	0.451	
64	19	0.077	
64	20	0.274	
66	1	0.498	
66	2	1	
66	3	0.998	
66	4	1	
66	5	1	
66	6	1	
66	7	1	
66	8	1	
66	9	1	
66	10	1	
66	11	0.997	
66	12	0.976	
66	13	0.999	
66	14	0.999	
66	15	0.98	
66	16	0.874	
66	20	0.49	
66	18	0.712	
66	19	0.617	
68	1	1	
68	2	0.962	
68	3	0.187	
68	4	0.985	
68	5	0.458	
68	6	1	
68	7	1	
68	8	1	
68	9	1	
68	10	1	
68	11	0.999	
68	12	0.892	
68	13	0.999	
68	14	0.972	
68	15	0.967	
68	16	0.865	
68	17	0.597	
68	19	0.01	
68	20	0.074	
87	1	1	
87	2	1	
87	3	1	
87	4	1	
87	5	1	
87	6	1	
87	7	1	
87	8	1	
87	9	1	
87	10	1	
87	11	1	
87	12	1	
87	13	1	
87	14	1	
87	15	1	
87	16	1	
87	17	1	
87	19	0.981	
87	20	0.937	
88	1	1	
88	2	1	
88	3	0.988	
88	4	1	
88	5	1	
88	6	1	
88	7	1	
88	8	1	
88	9	1	
88	10	1	
88	11	1	
88	12	1	
88	13	1	
88	14	1	
88	15	1	
88	16	1	
88	17	0.949	
88	19	1	
88	20	1	
92	1	1	
92	2	1	
92	3	1	
92	4	1	
92	5	0.999	
92	6	1	
92	7	1	
92	8	1	
92	9	1	
92	10	1	
92	11	1	
92	12	1	
92	13	1	
92	14	1	
92	15	1	
92	16	1	
92	17	1	
92	19	0.997	
92	20	0.998	
95	1	1	
95	2	1	
95	3	0.98	
95	4	1	
95	5	0.997	
95	6	1	
95	7	1	
95	8	1	
95	9	1	
95	10	1	
95	11	1	
95	12	1	
95	13	1	
95	14	1	
95	15	0.999	
95	16	1	
95	17	0.992	
95	19	0.953	
95	20	0.958	
			
			
			
			
			
			
			
			
			
			
			
			
			
			
			
			
			
			
			
97	1	1	
97	2	1	
97	3	1	
97	4	1	
97	5	1	
97	6	1	
97	7	1	
97	8	1	
97	9	1	
97	10	1	
97	11	1	
97	12	1	
97	13	1	
97	14	1	
97	15	1	
97	16	1	
97	17	0.999	
97	19	0.997	
97	20	0.998	
99	1	1	
99	2	1	
99	3	1	
99	4	0.999	
99	5	0.999	
99	6	1	
99	7	1	
99	8	1	
99	9	1	
99	10	1	
99	11	1	
99	12	1	
99	13	1	
99	14	1	
99	15	1	
99	16	1	
99	17	0.999	
99	19	1	
99	20	0.999	
			
			
			
			
			
			
			
			
			
			
			
			
			
			
			
			
			
			
			
			
			
			
			
			
			
			
			
			
			
			
			
			
			
			
			
			
			
			
104	1	1	
104	2	1	
104	3	0.999	
104	4	0.987	
104	5	0.989	
104	6	1	
104	7	1	
104	8	1	
104	9	1	
104	10	1	
104	11	1	
104	12	1	
104	13	1	
104	14	1	
104	15	1	
104	16	1	
104	17	1	
104	19	0.983	
104	20	0.955	
			
			
			
			
			
			
			
			
			
			
			
			
			
			
			
			
			
			
			
			
			
			
			
			
			
			
			
			
			
			
			
			
			
			
			
			
			
			
			
			
			
			
			
			
			
			
			
			
			
			
			
			
			
			
			
			
			
			
			
			
			
			
			
			
			
			
			
			
			
			
			
			
			
			
			
			
			
			
			
			
			
			
			
			
			
			
			
			
			
			
			
			
			
			
			
			
			
			
			
			
			
			
			
			
			
			
			
			
			
			
			
			
			
			
			
			
			
			
			
			
			
			
			
			
			
			
			
			
			
			
			
			
			
			
			
			
			
			
			
			
			
			
			
			
			
			
			
			
			
			
			
			
			
			
			
			
			
			
			
			
			
			
			
			
			
			
			
			
			
			
			
			
			
			
			
			
			
			
			
			
			
			
			
			
			
			
			
			
			
			
			
			
			
			
			
			
			
			
			
			
			
			
			
			
			
			
			
			
			
			
			
			
			
			
			
			
			
			
			
			
			
			
			
			
			
			
			
			
			
			
			
			
			
			
			
			
			
			
			
			
			
			
			
			
			
			
			
			
			
			
			
			
			
			
			
			
			
			
			
			
			
			
			
			
			
			
			
			
			
			
			
			
			
			
			
			
			
			
			
			
			
			
			
			
			
			
			
			
			
			
			
			
			
			
			
			
			
			
			
			
			
			
			
			
			
			
			
			
			
			
			
			
			
			
			
			
			
			
			
			
			
			
			
244	1	1	
244	2	1	
244	3	1	
244	4	1	
244	5	1	
244	6	1	
244	7	1	
244	8	1	
244	9	1	
244	10	1	
244	11	1	
244	12	1	
244	13	1	
244	14	1	
244	15	1	
244	16	1	
244	17	1	
244	19	1	
244	20	0.999	
246	1	1	
246	2	1	
246	3	1	
246	4	1	
246	5	0.995	
246	6	1	
246	7	1	
246	8	1	
246	9	1	
246	10	1	
246	11	1	
246	12	1	
246	13	1	
246	14	1	
246	15	1	
246	16	1	
246	17	1	
246	19	0.981	
246	20	0.937	
			
			
			
			
			
			
			
			
			
			
			
			
			
			
			
			
			
			
			
			
			
			
			
			
			
			
			
			
			
			
			
			
			
			
			
			
			
			
			
			
			
			
			
			
			
			
			
			
			
			
			
			
			
			
			
			
			
			
			
			
			
			
			
			
			
			
			
			
			
			
			
			
			
			
			
			
			
			
			
			
			
			
			
			
			
			
			
			
			
			
			
			
			
			
			
			
			
			
			
			
			
			
			
			
			
			
			
			
			
			
			
			
			
			
			
			
			
			
			
			
			
			
			
			
			
			
			
			
			
			
			
			
			
			
			
			
			
			
			
			
			
			
			
			
			
			
			
			
			
			
			
			
			
			
			
			
			
			
			
			
			
			
			
			
			
			
			
			
			
			
			
274	1	1	
274	2	1	
274	3	1	
274	4	1	
274	5	0.995	
274	6	1	
274	7	1	
274	8	1	
274	9	1	
274	10	1	
274	11	1	
274	12	1	
274	13	1	
274	14	1	
274	15	1	
274	16	1	
274	17	0.995	
274	19	0.992	
274	20	0.996	
			
			
			
			
			
			
			
			
			
			
			
			
			
			
			
			
			
			
			
281	1	1	
281	2	0.999	
281	3	0.964	
281	4	0.997	
281	5	0.972	
281	6	1	
281	7	1	
281	8	1	
281	9	1	
281	10	1	
281	11	1	
281	12	1	
281	13	0.977	
281	14	1	
281	15	0.972	
281	16	1	
281	17	0.824	
281	19	0.511	
281	20	0.281	
			
			
			
			
			
			
			
			
			
			
			
			
			
			
			
			
			
			
			
			
			
			
			
			
			
			
			
			
			
			
			
			
			
			
			
			
			
			
			
			
			
			
			
			
			
			
			
			
			
			
			
			
			
			
			
			
			
			
			
			
			
			
			
			
			
			
			
			
			
			
			
			
			
			
			
			
			
			
			
			
			
			
			
			
			
			
			
			
			
			
			
			
			
			
			
294	1	1	
294	2	0.948	
294	3	0.808	
294	4	0.354	
294	5	0.57	
294	6	1	
294	7	1	
294	8	1	
294	9	0.997	
294	10	0.951	
294	11	0.997	
294	12	0.918	
294	13	0.844	
294	14	0.954	
294	15	0.879	
294	16	0.852	
294	17	0.094	
294	19	0.053	
294	20	0.241	
			
			
			
			
			
			
			
			
			
			
			
			
			
			
			
			
			
			
			
296	1	1	
296	2	1	
296	3	1	
296	4	1	
296	5	1	
296	6	1	
296	7	1	
296	8	1	
296	9	1	
296	10	1	
296	11	1	
296	12	1	
296	13	1	
296	14	1	
296	15	1	
296	16	1	
296	17	1	
296	19	0.999	
296	20	1	
			
			
			
			
			
			
			
			
			
			
			
			
			
			
			
			
			
			
			
			
			
			
			
			
			
			
			
			
			
			
			
			
			
			
			
			
			
			
			
			
			
			
			
			
			
			
			
			
			
			
			
			
			
			
			
			
			
			
			
			
			
			
			
			
			
			
			
			
			
			
			
			
			
			
			
			
			
			
			
			
			
			
			
			
			
			
			
			
			
			
			
			
			
			
			
325	1	1	
325	2	1	
325	3	0.996	
325	4	0.999	
325	5	0.998	
325	6	1	
325	7	1	
325	8	1	
325	9	1	
325	10	1	
325	11	1	
325	12	1	
325	13	1	
325	14	1	
325	15	1	
325	16	1	
325	17	0.998	
325	19	0.999	
325	20	0.998	
326	1	0.812	
326	2	0.202	
326	3	0.683	
326	4	0.868	
326	5	0.812	
326	6	0.175	
326	7	0.812	
326	8	0.897	
326	9	0.987	
326	10	0.953	
326	11	0.202	
326	12	0.02	
326	13	0.971	
326	14	0.007	
326	15	0.202	
326	16	0.047	
326	17	0.001	
326	19	0.005	
326	20	0.005	
			
			
			
			
			
			
			
			
			
			
			
			
			
			
			
			
			
			
			
			
			
			
			
			
			
			
			
			
			
			
			
			
			
			
			
			
			
			
			
			
			
			
			
			
			
			
			
			
			
			
			
			
			
			
			
			
			
			
			
			
			
			
			
			
			
			
			
			
			
			
			
			
			
			
			
			
333	1	1	
333	2	1	
333	3	0.999	
333	4	1	
333	5	0.999	
333	6	1	
333	7	1	
333	8	1	
333	9	1	
333	10	1	
333	11	1	
333	12	1	
333	13	1	
333	14	1	
333	15	1	
333	16	1	
333	17	0.992	
333	19	0.996	
333	20	0.996	
335	1	1	
335	2	0.869	
335	3	0.659	
335	4	0.926	
335	5	0.549	
335	6	0.999	
335	7	0.992	
335	8	1	
335	9	1	
335	10	0.987	
335	11	0.993	
335	12	0.922	
335	13	0.999	
335	14	0.957	
335	15	0.977	
335	16	0.903	
335	17	0.379	
335	19	0.148	
335	20	0.436	
336	1	0.993	
336	2	0.449	
336	3	0.219	
336	4	0.971	
336	5	0.92	
336	6	0.92	
336	7	0.978	
336	8	0.978	
336	9	0.942	
336	10	0.148	
336	11	0.851	
336	12	0.851	
336	13	0.993	
336	14	0.449	
336	15	0.251	
336	16	0.993	
336	17	0.175	
336	19	0.08	
336	20	0.002	
			
			
			
			
			
			
			
			
			
			
			
			
			
			
			
			
			
			
			
339	1	0.996	
339	2	0.644	
339	3	0.187	
339	4	0.662	
339	5	0.126	
339	6	0.995	
339	7	0.997	
339	8	0.977	
339	9	1	
339	10	0.998	
339	11	0.97	
339	12	0.993	
339	13	0.992	
339	14	0.21	
339	15	0.612	
339	16	0.995	
339	17	0.001	
339	19	0	
339	20	0.001	
			
			
			
			
			
			
			
			
			
			
			
			
			
			
			
			
			
			
			
			
			
			
			
			
			
			
			
			
			
			
			
			
			
			
			
			
			
			
			
			
			
			
			
			
			
			
			
			
			
			
			
			
			
			
			
			
			
			
			
			
			
			
			
			
			
			
			
			
			
			
			
			
			
			
			
			
391	1	1	
391	2	1	
391	3	0.997	
391	4	0.991	
391	5	0.969	
391	6	1	
391	7	1	
391	8	1	
391	9	1	
391	10	1	
391	11	1	
391	12	1	
391	13	1	
391	14	1	
391	15	0.999	
391	16	1	
391	17	0.969	
391	19	0.754	
391	20	0.857	
			
			
			
			
			
			
			
			
			
			
			
			
			
			
			
			
			
			
			
			
			
			
			
			
			
			
			
			
			
			
			
			
			
			
			
			
			
			
404	1	1	
404	2	1	
404	3	1	
404	4	0.995	
404	5	0.995	
404	6	1	
404	7	1	
404	8	1	
404	9	1	
404	10	1	
404	11	1	
404	12	1	
404	13	1	
404	14	1	
404	15	1	
404	16	1	
404	17	1	
404	19	0.988	
404	20	0.998	
408	1	0.987	
408	2	0.483	
408	3	0.996	
408	4	0.424	
408	5	0.948	
408	6	0.987	
408	7	0.996	
408	8	0.987	
408	9	0.999	
408	10	0.996	
408	11	0.965	
408	12	0.987	
408	13	0.998	
408	14	0.681	
408	15	0.796	
408	16	0.999	
408	17	0.965	
408	19	0.003	
408	20	0.055	
			
			
			
			
			
			
			
			
			
			
			
			
			
			
			
			
			
			
			
			
			
			
			
			
			
			
			
			
			
			
			
			
			
			
			
			
			
			
			
			
			
			
			
			
			
			
			
			
			
			
			
			
			
			
			
			
			
			
			
			
			
			
			
			
			
			
			
			
			
			
			
			
			
			
			
			
475	1	1	
475	2	1	
475	3	1	
475	4	1	
475	5	0.999	
475	6	1	
475	7	1	
475	8	1	
475	9	1	
475	10	1	
475	11	1	
475	12	1	
475	13	1	
475	14	1	
475	15	1	
475	16	1	
475	17	1	
475	19	0.99	
475	20	0.996	
478	1	0.998	
478	2	0.994	
478	3	0.976	
478	4	0.997	
478	5	0.994	
478	6	0.998	
478	7	0.998	
478	8	0.998	
478	9	0.999	
478	10	0.997	
478	11	0.988	
478	12	0.988	
478	13	0.999	
478	14	0.828	
478	15	0.828	
478	16	0.279	
478	17	0.008	
478	19	0.406	
478	20	0.223	
			
			
			
			
			
			
			
			
			
			
			
			
			
			
			
			
			
			
			
485	1	1	
485	2	1	
485	3	0.999	
485	4	1	
485	5	0.992	
485	6	1	
485	7	1	
485	8	1	
485	9	1	
485	10	1	
485	11	1	
485	12	1	
485	13	0.996	
485	14	1	
485	15	0.999	
485	16	1	
485	17	0.989	
485	19	0.889	
485	20	0.98	
489	1	0.999	
489	2	0.996	
489	3	0.001	
489	4	0.901	
489	5	0.471	
489	6	0.999	
489	7	0.999	
489	8	1	
489	9	1	
489	10	1	
489	11	0.999	
489	12	0.999	
489	13	0.998	
489	14	0.992	
489	15	0.827	
489	16	0.999	
489	17	0.002	
489	19	0.009	
489	20	0.002	
			
			
			
			
			
			
			
			
			
			
			
			
			
			
			
			
			
			
			
			
			
			
			
			
			
			
			
			
			
			
			
			
			
			
			
			
			
			

50	1	0.997
50	2	0.994
50	3	0.978
50	4	0.974
50	5	0.816
50	6	0.987
50	7	0.994
50	8	0.994
50	9	0.999
50	10	0.998
50	11	0.971
50	12	0.994
50	13	0.999
50	14	0.899
50	15	0.816
50	16	0.999
50	20	0.179
50	18	0.03
50	19	0.387
		
		
		
		
		
		
		
		
		
		
		
		
		
		
		
		
		
		
		
		
		
		
		
		
		
		
		
		
		
		
		
		
		
		
		
		
		
		
		
		
		
		
		
		
		
		
		
		
		
		
		
		
		
		
		
		
		
		
		
		
		
		
		
		
		
		
		
		
		
		
		
		
		
		
		
		
		
		
		
		
		
		
		
		
		
		
		
		
		
		
		
		
		
		
		
		
		
		
		
		
		
		
		
		
		
		
		
		
		
		
		
		
		
		
		
		
		
		
		
		
		
		
		
		
		
		
		
		
		
		
		
		
		
		
		
		
		
		
		
		
		
		
		
		
		
		
		
		
		
		
		
		
		
		
		
		
		
		
		
		
		
		
		
		
		
		
		
		
		
		
		
66	1	0.498
66	2	1
66	3	0.998
66	4	1
66	5	1
66	6	1
66	7	1
66	8	1
66	9	1
66	10	1
66	11	0.997
66	12	0.976
66	13	0.999
66	14	0.999
66	15	0.98
66	16	0.874
66	20	0.49
66	18	0.712
66	19	0.617
		
		
		
		
		
		
		
		
		
		
		
		
		
		
		
		
		
		
		
		
		
		
		
		
		
		
		
		
		
		
		
		
		
		
		
		
		
		
		
		
		
		
		
		
		
		
		
		
		
		
		
		
		
		
		
		
		
		
		
		
		
		
		
		
		
		
		
		
		
		
		
		
		
		
		
		
		
		
		
		
		
		
		
		
		
		
		
		
		
		
		
		
		
		
		
		
		
		
		
		
		
		
		
		
		
		
		
		
		
		
		
		
		
		
		
		
		
		
		
		
		
		
		
		
		
		
		
		
		
		
		
		
		
		
		
		
		
		
		
		
		
		
		
		
		
		
		
		
		
		
		
		
		
		
		
		
		
		
		
		
		
		
		
		
		
		
		
		
		
		
		
		
		
		
		
		
		
		
		
		
		
		
		
		
		
		
		
		
		
		
		
		
		
		
		
		
		
		
		
		
		
		
		
		
		
		
		
		
		
		
		
		
		
		
		
		
		
		
		
		
		
		
		
		
		
		
		
		
		
		
		
		
		
		
		
		
		
		
		
		
		
		
		
		
		
		
		
		
		
		
		
		
		
		
		
		
		
		
		
		
		
		
		
		
		
		
		
		
		
		
		
		
		
		
		
		
		
		
		
		
		
		
		
		
		
		
		
		
		
		
		
		
		
		
		
		
		
		
		
		
		
		
		
		
		
		
		
		
		
		
		
		
		
		
		
		
		
		
		
		
		
		
		
		
		
		
		
		
		
		
		
		
		
		
		
		
		
		
		
		
		
		
		
		
		
		
		
		
		
		
		
		
		
		
		
		
		
		
		
		
		
		
		
		
		
		
		
		
		
		
		
		
		
		
		
		
		
		
		
		
		
		
		
		
		
		
		
		
		
		
		
		
		
		
		
		
		
		
		
		
		
		
		
		
		
		
		
		
		
		
		
		
		
		
		
		
		
		
		
		
		
		
		
		
		
		
		
		
		
		
		
		
		
		
		
		
		
		
		
		
		
		
		
		
		
		
		
		
		
		
		
		
		
		
		
		
		
		
		
		
		
		
		
		
		
		
		
		
		
		
		
		
		
		
		
		
		
		
		
		
		
		
		
		
		
		
		
		
		
		
		
		
		
		
		
		
		
		
		
		
		
		
		
		
		
		
		
		
		
		
		
		
		
		
		
		
		
		
		
		
		
		
		
		
		
		
		
		
		
		
		
		
		
		
		
		
		
		
		
		
		
		
		
		
		
		
		
		
		
		
		
		
		
		
		
		
		
		
		
		
		
		
		
		
		
		
		
		
		
		
		
		
		
		
		
		
		
		
		
		
		
		
		
		
		
		
		
		
		
		
		
		
		
		
		
		
		
		
		
		
		
		
		
		
		
		
		
		
249	1	0.998
249	2	1
249	3	1
249	4	1
249	5	1
249	6	1
249	7	1
249	8	1
249	9	1
249	10	1
249	11	1
249	12	1
249	13	1
249	14	1
249	15	1
249	16	1
249	20	1
249	18	1
249	19	1
253	1	0.894
253	2	1
253	3	1
253	4	1
253	5	1
253	6	1
253	7	1
253	8	1
253	9	1
253	10	1
253	11	1
253	12	1
253	13	1
253	14	1
253	15	0.987
253	16	0.999
253	20	0.992
253	18	0.675
253	19	0.989
255	1	0.012
255	2	0.778
255	3	0.071
255	4	0.51
255	5	0.031
255	6	0.246
255	7	0.836
255	8	0.836
255	9	0.023
255	10	0.939
255	11	0.054
255	12	0.006
255	13	0.735
255	14	0.071
255	15	0.003
255	16	0.856
255	20	0.001
255	18	0
255	19	0.002
		
		
		
		
		
		
		
		
		
		
		
		
		
		
		
		
		
		
		
		
		
		
		
		
		
		
		
		
		
		
		
		
		
		
		
		
		
		
270	1	0.999
270	2	1
270	3	1
270	4	1
270	5	1
270	6	1
270	7	1
270	8	1
270	9	1
270	10	1
270	11	1
270	12	1
270	13	0.996
270	14	1
270	15	1
270	16	1
270	20	1
270	18	0.999
270	19	0.999
271	1	1
271	2	1
271	3	1
271	4	1
271	5	1
271	6	1
271	7	1
271	8	1
271	9	1
271	10	1
271	11	1
271	12	1
271	13	1
271	14	1
271	15	1
271	16	0.996
271	20	1
271	18	0.999
271	19	1
		
		
		
		
		
		
		
		
		
		
		
		
		
		
		
		
		
		
		
		
		
		
		
		
		
		
		
		
		
		
		
		
		
		
		
		
		
		
		
		
		
		
		
		
		
		
		
		
		
		
		
		
		
		
		
		
		
		
		
		
		
		
		
		
		
		
		
		
		
		
		
		
		
		
		
		
		
		
		
		
		
		
		
		
		
		
		
		
		
		
		
		
		
		
		
		
		
		
		
		
		
		
		
		
		
		
		
		
		
		
		
		
		
		
		
		
		
		
		
		
		
		
		
		
		
		
		
		
		
		
		
		
		
		
		
		
		
		
		
		
		
		
		
		
		
		
		
		
		
		
		
		
		
		
		
		
		
		
		
		
		
		
		
		
		
		
		
		
		
		
		
295	1	0.997
295	2	1
295	3	1
295	4	1
295	5	1
295	6	1
295	7	1
295	8	1
295	9	1
295	10	1
295	11	0.999
295	12	1
295	13	0.98
295	14	1
295	15	1
295	16	0.978
295	20	0.998
295	18	0.998
295	19	0.999
		
		
		
		
		
		
		
		
		
		
		
		
		
		
		
		
		
		
		
		
		
		
		
		
		
		
		
		
		
		
		
		
		
		
		
		
		
		
		
		
		
		
		
		
		
		
		
		
		
		
		
		
		
		
		
		
		
		
		
		
		
		
		
		
		
		
		
		
		
		
		
		
		
		
		
		
		
		
		
		
		
		
		
		
		
		
		
		
		
		
		
		
		
		
		
		
		
		
		
		
		
		
		
		
		
		
		
		
		
		
		
		
		
		
		
		
		
		
		
		
		
		
		
		
		
		
		
		
		
		
		
		
		
		
		
		
		
		
		
		
		
		
		
		
		
		
		
		
		
		
		
		
		
		
		
		
		
		
		
		
		
		
		
		
		
		
		
		
		
		
		
		
		
		
		
		
		
		
		
		
		
		
		
		
		
		
		
		
		
		
		
		
		
		
		
		
		
		
		
		
		
		
		
		
		
		
		
		
		
		
		
		
		
		
		
		
		
		
		
		
		
		
		
		
		
		
		
		
		
		
		
		
		
		
		
		
		
		
		
		
		
		
		
		
		
		
		
		
		
		
		
		
		
		
		
		
		
		
		
		
		
		
		
		
		
		
		
		
		
		
		
		
		
		
		
		
		
		
		
		
		
		
		
		
		
338	1	0.591
338	2	1
338	3	1
338	4	1
338	5	1
338	6	1
338	7	0.999
338	8	1
338	9	1
338	10	1
338	11	0.999
338	12	1
338	13	0.765
338	14	0.999
338	15	0.998
338	16	1
338	20	0.992
338	18	0.953
338	19	0.974
		
		
		
		
		
		
		
		
		
		
		
		
		
		
		
		
		
		
		
		
		
		
		
		
		
		
		
		
		
		
		
		
		
		
		
		
		
		
		
		
		
		
		
		
		
		
		
		
		
		
		
		
		
		
		
		
		
389	1	0.983
389	2	1
389	3	1
389	4	1
389	5	1
389	6	1
389	7	1
389	8	1
389	9	1
389	10	1
389	11	1
389	12	1
389	13	1
389	14	1
389	15	1
389	16	1
389	20	0.999
389	18	1
389	19	1
		
		
		
		
		
		
		
		
		
		
		
		
		
		
		
		
		
		
		
		
		
		
		
		
		
		
		
		
		
		
		
		
		
		
		
		
		
		
		
		
		
		
		
		
		
		
		
		
		
		
		
		
		
		
		
		
		
		
		
		
		
		
		
		
		
		
		
		
		
		
		
		
		
		
		
		
		
		
		
		
		
		
		
		
		
		
		
		
		
		
		
		
		
		
		
		
		
		
		
		
		
		
		
		
		
		
		
		
		
		
		
		
		
		
		
		
		
		
		
		
		
		
		
		
		
		
		
		
		
		
		
		
		
412	1	0.937
412	2	1
412	3	1
412	4	1
412	5	1
412	6	1
412	7	1
412	8	1
412	9	1
412	10	1
412	11	1
412	12	1
412	13	1
412	14	1
412	15	1
412	16	1
412	20	0.999
412	18	0.998
412	19	1
		
		
		
		
		
		
		
		
		
		
		
		
		
		
		
		
		
		
		
474	1	0.999
474	2	1
474	3	0.998
474	4	0.999
474	5	0.998
474	6	0.998
474	7	0.999
474	8	0.999
474	9	1
474	10	0.999
474	11	0.994
474	12	0.996
474	13	1
474	14	0.674
474	15	0.932
474	16	1
474	20	0.662
474	18	0.021
474	19	0.819
		
		
		
		
		
		
		
		
		
		
		
		
		
		
		
		
		
		
		
		
		
		
		
		
		
		
		
		
		
		
		
		
		
		
		
		
		
		
		
		
		
		
		
		
		
		
		
		
		
		
		
		
		
		
		
		
		
		
		
		
		
		
		
		
		
		
		
		
		
		
		
		
		
		
		
		
		
		
		
		
		
		
		
		
		
		
		
		
		
		
		
		
		
		
		
		
		
		
		
		
		
		
		
		
		
		
		
		
		
		
		
		
		
		
		
		
		
		
		
		
		
		
		
		
		
		
		
		
		
		
		
		
		
		
		
		
		
		
		
		
		
		
		
		
		
		
		
		
		
		
		
		
		
51	1	0.276
51	2	0.927
51	3	0.861
51	4	0.926
51	5	0.855
51	6	0.992
51	7	0.999
51	8	0.981
51	9	0.99
51	10	0.994
51	11	0.983
51	12	0.999
51	13	0.997
51	14	0.947
51	15	0.164
51	16	0.998
51	17	0.111
51	18	0
51	20	0.001
		
		
		
		
		
		
		
		
		
		
		
		
		
		
		
		
		
		
		
		
		
		
		
		
		
		
		
		
		
		
		
		
		
		
		
		
		
		
55	1	0.997
55	2	0.996
55	3	0.991
55	4	0.995
55	5	0.965
55	6	0.999
55	7	1
55	8	0.998
55	9	0.998
55	10	1
55	11	0.993
55	12	1
55	13	0.999
55	14	0.997
55	15	0.549
55	16	0.937
55	17	0.517
55	18	0.016
55	20	0.001
58	1	1
58	2	1
58	3	1
58	4	1
58	5	1
58	6	1
58	7	1
58	8	1
58	9	1
58	10	1
58	11	1
58	12	1
58	13	1
58	14	1
58	15	1
58	16	1
58	17	0.996
58	18	0.907
58	20	0.966
59	1	0.543
59	2	0.987
59	3	0.064
59	4	0.543
59	5	0.041
59	6	0.985
59	7	0.994
59	8	0.993
59	9	0.999
59	10	0.994
59	11	0.971
59	12	0.643
59	13	0.981
59	14	0.074
59	15	0.534
59	16	0.086
59	17	0.002
59	18	0
59	19	0
60	1	0.017
60	2	0.759
60	3	0.437
60	4	0.03
60	5	0.181
60	6	0.703
60	7	0.759
60	8	0.608
60	9	0.973
60	10	0.905
60	11	0.038
60	12	0.001
60	13	0.973
60	14	0.002
60	15	0.013
60	16	0.007
60	17	0.003
60	18	0
60	20	0
63	1	0.036
63	2	0.964
63	3	0.929
63	4	0.391
63	5	0.867
63	6	0.929
63	7	0.929
63	8	0.585
63	9	0.997
63	10	0.964
63	11	0.036
63	12	0.005
63	13	0.997
63	14	0.005
63	15	0.952
63	16	0.13
63	17	0.166
63	18	0.005
63	19	0.001
		
		
		
		
		
		
		
		
		
		
		
		
		
		
		
		
		
		
		
		
		
		
		
		
		
		
		
		
		
		
		
		
		
		
		
		
		
		
		
		
		
		
		
		
		
		
		
		
		
		
		
		
		
		
		
		
		
		
		
		
		
		
		
		
		
		
		
		
		
		
		
		
		
		
		
		
		
		
		
		
		
		
		
		
		
		
		
		
		
		
		
		
		
		
		
		
		
		
		
		
		
		
		
		
		
		
		
		
		
		
		
		
		
		
		
		
		
		
		
		
		
		
		
		
		
		
		
		
		
		
		
		
		
96	1	0.999
96	2	1
96	3	1
96	4	1
96	5	1
96	6	1
96	7	1
96	8	1
96	9	1
96	10	1
96	11	1
96	12	1
96	13	1
96	14	0.991
96	15	0.986
96	16	0.996
96	17	0.997
96	18	0.437
96	20	0.167
97	2	1
97	3	1
97	1	1
97	4	1
97	5	1
97	6	1
97	7	1
97	8	1
97	9	1
97	10	1
97	11	1
97	12	1
97	13	1
97	14	1
97	15	1
97	16	1
97	17	0.999
97	19	0.997
97	20	0.998
		
		
		
		
		
		
		
		
		
		
		
		
		
		
		
		
		
		
		
100	1	1
100	2	1
100	3	0.999
100	4	1
100	5	0.998
100	6	1
100	7	1
100	8	1
100	9	1
100	10	1
100	11	1
100	12	1
100	13	1
100	14	1
100	15	0.999
100	16	1
100	17	0.998
100	18	0.19
100	19	0.773
101	1	0.159
101	2	0.987
101	3	0.007
101	4	0.54
101	5	0.08
101	6	0.728
101	7	0.989
101	8	0.996
101	9	0.998
101	10	0.997
101	11	0.975
101	12	0.458
101	13	0.99
101	14	0.665
101	15	0.293
101	16	0.992
101	17	0.018
101	18	0.001
101	19	0
		
		
		
		
		
		
		
		
		
		
		
		
		
		
		
		
		
		
		
105	1	0.828
105	2	0.994
105	3	0.998
105	4	0.994
105	5	0.988
105	6	0.988
105	7	0.984
105	8	0.988
105	9	0.999
105	10	0.484
105	11	0.921
105	12	0.984
105	13	0.999
105	14	0.898
105	15	0.677
105	16	0.999
105	17	0.984
105	18	0.784
105	20	0.008
124	1	0.999
124	2	0.997
124	3	0.993
124	4	0.999
124	5	0.986
124	6	0.999
124	7	0.993
124	8	1
124	9	1
124	10	0.999
124	11	0.999
124	12	1
124	13	1
124	14	0.884
124	15	0.863
124	16	1
124	17	0.88
124	18	0.035
124	20	0.004
125	1	0.82
125	2	0.596
125	3	0.387
125	4	0.969
125	5	0.936
125	6	0.995
125	7	1
125	8	0.992
125	9	0.994
125	10	0.601
125	11	0.963
125	12	0.924
125	13	0.999
125	14	0.552
125	15	0.761
125	16	0.306
125	17	0.322
125	18	0.001
125	20	0.001
132	1	0.767
132	2	0.971
132	3	0.179
132	4	0.788
132	5	0.121
132	6	0.995
132	7	0.999
132	8	0.998
132	9	0.999
132	10	1
132	11	0.916
132	12	0.728
132	13	0.997
132	14	0.833
132	15	0.879
132	16	0.373
132	17	0.001
132	18	0
132	19	0.001
133	3	0.991
133	2	0.998
133	1	0.278
133	4	0.869
133	5	0.33
133	6	0.999
133	7	0.999
133	8	0.997
133	9	0.91
133	10	1
133	11	0.906
133	12	0.998
133	13	0.997
133	14	0.967
133	15	0.726
133	16	0.345
133	17	0.108
133	18	0
133	19	0.003
135	1	0.999
135	2	1
135	3	1
135	4	1
135	5	1
135	6	1
135	7	1
135	8	1
135	9	1
135	10	0.997
135	11	1
135	12	1
135	13	1
135	14	0.998
135	15	1
135	16	0.999
135	17	1
135	18	0.879
135	20	0.921
136	1	0.124
136	2	0.451
136	3	0.379
136	4	0.379
136	5	0.075
136	6	0.923
136	7	0.99
136	8	0.837
136	9	0.953
136	10	0.912
136	11	0.701
136	12	0.669
136	13	0.987
136	14	0.378
136	15	0.086
136	16	0.152
136	17	0
136	18	0
136	20	0
137	1	0.465
137	2	0.937
137	3	0.981
137	4	0.99
137	5	0.99
137	6	0.727
137	7	0.99
137	8	0.994
137	9	0.836
137	10	0.998
137	11	0.987
137	12	0.995
137	13	1
137	14	0.967
137	15	0.822
137	16	1
137	17	0.27
137	18	0.04
137	19	0.112
139	1	1
139	2	1
139	3	1
139	4	1
139	5	1
139	6	1
139	7	1
139	8	1
139	9	1
139	10	1
139	11	1
139	12	1
139	13	1
139	14	1
139	15	1
139	16	1
139	17	1
139	18	0.969
139	19	0.983
140	1	0.91
140	2	1
140	3	0.226
140	4	0.91
140	5	0.427
140	6	0.999
140	7	0.999
140	8	0.999
140	9	1
140	10	1
140	11	0.998
140	12	0.897
140	13	0.998
140	14	0.894
140	15	0.972
140	16	0.444
140	17	0.017
140	18	0.001
140	19	0.002
141	1	0.363
141	2	0.929
141	3	0.647
141	4	0.647
141	5	0.647
141	6	0.788
141	7	0.788
141	8	0.908
141	9	0.975
141	10	0.013
141	11	0.363
141	12	0.647
141	13	0.029
141	14	0.029
141	15	0.003
141	16	0.029
141	17	0.041
141	18	0.001
141	19	0.001
142	1	1
142	2	1
142	3	0.999
142	4	1
142	5	1
142	6	1
142	7	1
142	8	1
142	9	1
142	10	1
142	11	1
142	12	1
142	13	1
142	14	1
142	15	1
142	16	1
142	17	1
142	18	0.998
142	20	0.999
143	1	0.001
143	2	0.061
143	3	0.049
143	4	0.593
143	5	0.418
143	6	0.027
143	7	0.418
143	8	0.037
143	9	0.837
143	10	0.593
143	11	0.003
143	12	0.229
143	13	0.983
143	14	0.004
143	15	0.047
143	16	0.012
143	17	0.047
143	18	0
143	19	0
144	1	0.289
144	2	0.999
144	3	0.462
144	4	0.937
144	5	0.351
144	6	0.999
144	7	0.999
144	8	0.999
144	9	1
144	10	1
144	11	0.797
144	12	0.697
144	13	0.239
144	14	0.295
144	15	0.855
144	16	0.54
144	17	0.847
144	18	0.004
144	19	0.035
145	1	0.998
145	2	1
145	3	0.926
145	4	0.995
145	5	0.941
145	6	1
145	7	1
145	8	1
145	9	1
145	10	1
145	11	1
145	12	1
145	13	0.809
145	14	1
145	15	0.999
145	16	0.941
145	17	0.752
145	18	0.3
145	19	0.123
238	1	0.397
238	2	0.379
238	3	0.969
238	4	0.106
238	5	0.023
238	6	0.887
238	7	0.993
238	8	0.537
238	9	0.761
238	10	0.996
238	11	0.352
238	12	0.841
238	13	0.999
238	14	0.223
238	15	0.971
238	16	1
238	17	0.816
238	18	0.104
238	20	0.023
241	1	0.053
241	2	0.996
241	3	0.996
241	4	0.987
241	5	0.955
241	6	0.955
241	7	0.982
241	8	0.987
241	9	0.999
241	10	0.996
241	11	0.145
241	12	0.887
241	13	0.999
241	14	0.095
241	15	0.053
241	16	0.999
241	17	0.965
241	18	0.095
241	20	0.01
		
		
		
		
		
		
		
		
		
		
		
		
		
		
		
		
		
		
		
		
		
		
		
		
		
		
		
		
		
		
		
		
		
		
		
		
		
		
247	1	1
247	2	1
247	3	1
247	4	1
247	5	1
247	6	1
247	7	1
247	8	1
247	9	1
247	10	1
247	11	1
247	12	1
247	13	1
247	14	1
247	15	1
247	16	0.999
247	17	1
247	18	0.793
247	20	0.41
248	1	1
248	2	0.996
248	3	0.999
248	4	1
248	5	0.998
248	6	1
248	7	1
248	8	1
248	9	1
248	10	1
248	11	1
248	12	0.998
248	13	1
248	14	0.997
248	15	0.993
248	16	0.994
248	17	0.955
248	18	0.64
248	20	0.437
		
		
		
		
		
		
		
		
		
		
		
		
		
		
		
		
		
		
		
		
		
		
		
		
		
		
		
		
		
		
		
		
		
		
		
		
		
		
		
		
		
		
		
		
		
		
		
		
		
		
		
		
		
		
		
		
		
256	1	0.943
256	2	0.987
256	3	0.996
256	4	0.996
256	5	0.991
256	6	1
256	7	1
256	8	0.999
256	9	0.933
256	10	1
256	11	0.995
256	12	1
256	13	1
256	14	0.914
256	15	0.782
256	16	0.616
256	17	0.941
256	18	0.027
256	20	0.004
257	1	0.997
257	2	1
257	3	0.998
257	4	0.999
257	5	0.927
257	6	1
257	7	1
257	8	1
257	9	1
257	10	1
257	11	1
257	12	1
257	13	1
257	14	0.999
257	15	0.993
257	16	0.99
257	17	0.992
257	18	0.079
257	19	0.615
		
		
		
		
		
		
		
		
		
		
		
		
		
		
		
		
		
		
		
		
		
		
		
		
		
		
		
		
		
		
		
		
		
		
		
		
		
		
		
		
		
		
		
		
		
		
		
		
		
		
		
		
		
		
		
		
		
278	1	0.624
278	2	0.999
278	3	1
278	4	0.959
278	5	0.996
278	6	0.999
278	7	0.999
278	8	0.999
278	9	1
278	10	1
278	11	0.954
278	12	0.998
278	13	1
278	14	0.985
278	15	0.798
278	16	1
278	17	0.999
278	18	0.954
278	19	0.16
		
		
		
		
		
		
		
		
		
		
		
		
		
		
		
		
		
		
		
282	1	0.999
282	2	0.998
282	3	1
282	4	1
282	5	0.994
282	6	0.999
282	7	1
282	8	1
282	9	1
282	10	1
282	11	1
282	12	1
282	13	1
282	14	1
282	15	0.996
282	16	1
282	17	0.998
282	18	0.902
282	20	0.635
284	1	0.046
284	2	0.964
284	3	0.381
284	4	0.897
284	5	0.897
284	6	0.868
284	7	0.897
284	8	0.812
284	9	0.971
284	10	0.964
284	11	0.202
284	12	0.007
284	13	0.002
284	14	0.012
284	15	0.1
284	16	0.047
284	17	0.08
284	18	0.001
284	20	0
285	1	1
285	2	1
285	3	1
285	4	1
285	5	0.982
285	6	1
285	7	1
285	8	1
285	9	1
285	10	1
285	11	1
285	12	1
285	13	1
285	14	0.998
285	15	1
285	16	1
285	17	1
285	18	0.732
285	19	0.83
291	1	0.728
291	2	0.276
291	3	0.116
291	4	0.572
291	5	0.276
291	6	0.503
291	7	0.844
291	8	0.844
291	9	0.953
291	10	0.943
291	11	0.728
291	12	0.669
291	13	0.984
291	14	0.039
291	15	0.619
291	16	0.984
291	17	0.001
291	18	0.002
291	20	0
293	1	1
293	2	1
293	3	1
293	4	1
293	5	0.999
293	6	1
293	7	1
293	8	1
293	9	1
293	10	1
293	11	1
293	12	1
293	13	1
293	14	1
293	15	1
293	16	1
293	17	1
293	18	0.781
293	19	0.966
		
		
		
		
		
		
		
		
		
		
		
		
		
		
		
		
		
		
		
		
		
		
		
		
		
		
		
		
		
		
		
		
		
		
		
		
		
		
		
		
		
		
		
		
		
		
		
		
		
		
		
		
		
		
		
		
		
297	1	1
297	2	1
297	3	1
297	4	1
297	5	0.999
297	6	1
297	7	1
297	8	1
297	9	1
297	10	1
297	11	1
297	12	1
297	13	1
297	14	1
297	15	1
297	16	1
297	17	1
297	18	0.978
297	19	0.922
319	1	0.207
319	2	0.1
319	3	0.251
319	4	0.405
319	5	0.136
319	6	0.32
319	7	0.964
319	8	0.741
319	9	0.848
319	10	0.007
319	11	0.916
319	12	0.054
319	13	0.954
319	14	0.013
319	15	0.127
319	16	0.959
319	17	0.003
319	18	0
319	20	0
321	1	1
321	2	1
321	3	1
321	4	0.999
321	5	1
321	6	1
321	7	1
321	8	1
321	9	1
321	10	1
321	11	1
321	12	1
321	13	1
321	14	1
321	15	1
321	16	1
321	17	1
321	18	0.807
321	20	0.955
322	1	0.997
322	2	1
322	3	0.903
322	4	0.994
322	5	0.922
322	6	1
322	7	1
322	8	1
322	9	0.999
322	10	1
322	11	1
322	12	1
322	13	1
322	14	0.997
322	15	0.965
322	16	0.927
322	17	0.547
322	18	0.003
322	19	0.118
323	1	0.076
323	2	0.275
323	3	0.22
323	4	0.533
323	5	0.209
323	6	0.937
323	7	0.986
323	8	0.703
323	9	0.904
323	10	0.936
323	11	0.079
323	12	0.04
323	13	0.972
323	14	0.022
323	15	0.054
323	16	0.002
323	17	0.002
323	18	0
323	20	0
		
		
		
		
		
		
		
		
		
		
		
		
		
		
		
		
		
		
		
		
		
		
		
		
		
		
		
		
		
		
		
		
		
		
		
		
		
		
327	1	1
327	2	1
327	3	0.88
327	4	0.998
327	5	0.822
327	6	1
327	7	0.999
327	8	1
327	9	1
327	10	1
327	11	0.999
327	12	1
327	13	1
327	14	0.999
327	15	1
327	16	1
327	17	0.489
327	18	0.007
327	19	0.055
330	3	0.01
330	2	0.837
330	1	0.716
330	4	0.049
330	5	0.265
330	6	0.716
330	7	0.656
330	8	0.716
330	9	0.983
330	10	0.837
330	11	0.061
330	12	0.001
330	13	0.983
330	14	0.002
330	15	0.129
330	16	0.005
330	17	0.001
330	18	0
330	20	0.001
331	3	0.997
331	2	0.999
331	1	0.329
331	4	0.087
331	5	0.236
331	6	0.999
331	7	1
331	8	0.999
331	9	1
331	10	1
331	11	0.999
331	12	0.531
331	13	0.999
331	14	0.987
331	15	0.976
331	16	0.824
331	17	0.013
331	18	0.002
331	19	0.003
332	1	0.85
332	2	0.928
332	3	0.847
332	4	0.987
332	5	0.948
332	6	0.961
332	7	1
332	8	0.994
332	9	0.995
332	10	0.651
332	11	0.987
332	12	1
332	13	1
332	14	0.982
332	15	0.991
332	16	0.571
332	17	0.6
332	18	0.023
332	20	0.005
		
		
		
		
		
		
		
		
		
		
		
		
		
		
		
		
		
		
		
		
		
		
		
		
		
		
		
		
		
		
		
		
		
		
		
		
		
		
		
		
		
		
		
		
		
		
		
		
		
		
		
		
		
		
		
		
		
		
		
		
		
		
		
		
		
		
		
		
		
		
		
		
		
		
		
		
		
		
		
		
		
		
		
		
		
		
		
		
		
		
		
		
		
		
		
340	1	0.292
340	2	0.055
340	3	0.148
340	4	0.549
340	5	0.363
340	6	0.923
340	7	0.995
340	8	0.837
340	9	0.869
340	10	0.056
340	11	0.505
340	12	0.171
340	13	0.987
340	14	0.25
340	15	0.11
340	16	0.007
340	17	0.001
340	18	0
340	20	0
386	1	0.974
386	2	0.999
386	3	0.597
386	4	0.996
386	5	0.987
386	6	0.987
386	7	0.995
386	8	0.999
386	9	0.993
386	10	0.999
386	11	0.974
386	12	0.983
386	13	0.864
386	14	0.965
386	15	0.949
386	16	0.597
386	17	0.972
386	18	0.127
386	20	0.055
		
		
		
		
		
		
		
		
		
		
		
		
		
		
		
		
		
		
		
390	1	0.999
390	2	1
390	3	1
390	4	1
390	5	1
390	6	1
390	7	1
390	8	1
390	9	1
390	10	1
390	11	1
390	12	1
390	13	1
390	14	1
390	15	0.998
390	16	1
390	17	0.979
390	18	0.794
390	20	0.17
		
		
		
		
		
		
		
		
		
		
		
		
		
		
		
		
		
		
		
393	1	1
393	2	0.995
393	3	1
393	4	0.995
393	5	0.997
393	6	1
393	7	1
393	8	1
393	9	1
393	10	1
393	11	1
393	12	0.999
393	13	1
393	14	1
393	15	0.992
393	16	1
393	17	1
393	18	0.635
393	20	0.412
397	1	1
397	2	1
397	3	1
397	4	0.998
397	5	0.969
397	6	1
397	7	1
397	8	1
397	9	1
397	10	1
397	11	1
397	12	1
397	13	1
397	14	1
397	15	1
397	16	1
397	17	1
397	18	0.352
397	19	0.773
		
		
		
		
		
		
		
		
		
		
		
		
		
		
		
		
		
		
		
		
		
		
		
		
		
		
		
		
		
		
		
		
		
		
		
		
		
		
411	1	1
411	2	1
411	3	0.995
411	4	1
411	5	0.998
411	6	1
411	7	1
411	8	1
411	9	1
411	10	1
411	11	1
411	12	1
411	13	1
411	14	1
411	15	1
411	16	1
411	17	0.881
411	18	0.355
411	19	0.948
		
		
		
		
		
		
		
		
		
		
		
		
		
		
		
		
		
		
		
413	1	1
413	2	1
413	3	1
413	4	1
413	5	1
413	6	1
413	7	1
413	8	1
413	9	1
413	10	1
413	11	1
413	12	1
413	13	1
413	14	1
413	15	1
413	16	1
413	17	1
413	18	0.969
413	19	0.997
		
		
		
		
		
		
		
		
		
		
		
		
		
		
		
		
		
		
		
		
		
		
		
		
		
		
		
		
		
		
		
		
		
		
		
		
		
		
		
		
		
		
		
		
		
		
		
		
		
		
		
		
		
		
		
		
		
484	1	1
484	2	1
484	3	1
484	4	1
484	5	1
484	6	1
484	7	1
484	8	1
484	9	1
484	10	1
484	11	1
484	12	1
484	13	1
484	14	1
484	15	1
484	16	1
484	17	1
484	18	1
484	20	0.999
		
		
		
		
		
		
		
		
		
		
		
		
		
		
		
		
		
		
		
		
		
		
		
		
		
		
		
		
		
		
		
		
		
		
		
		
		
		
493	1	1
493	2	1
493	3	0.996
493	4	1
493	5	0.987
493	6	1
493	7	1
493	8	1
493	9	1
493	10	1
493	11	1
493	12	1
493	13	1
493	14	1
493	15	1
493	16	1
493	17	0.951
493	18	0.591
493	19	0.47
494	1	1
494	2	1
494	3	1
494	4	1
494	5	1
494	6	1
494	7	1
494	8	1
494	9	1
494	10	1
494	11	1
494	12	1
494	13	1
494	14	1
494	15	0.983
494	16	1
494	17	1
494	18	0.869
494	20	0.052
