59	1	0.543
59	12	0.643
59	14	0.074
59	18	0
59	15	0.534
59	17	0.002
59	13	0.981
59	2	0.987
59	5	0.041
59	6	0.985
59	11	0.971
59	10	0.994
59	19	0
59	16	0.086
59	3	0.064
59	9	0.999
59	4	0.543
59	8	0.993
59	7	0.994
		
63	1	0.036
63	12	0.005
63	14	0.005
63	18	0.005
63	15	0.952
63	17	0.166
63	13	0.997
63	2	0.964
63	5	0.867
63	6	0.929
63	11	0.036
63	10	0.964
63	19	0.001
63	16	0.13
63	3	0.929
63	9	0.997
63	4	0.391
63	8	0.585
63	7	0.929
		
133	1	0.991
133	12	0.998
133	14	0.967
133	18	0
133	15	0.726
133	17	0.108
133	13	0.997
133	2	0.998
133	5	0.33
133	6	0.999
133	11	0.906
133	10	1
133	19	0.003
133	16	0.345
133	3	0.278
133	9	0.91
133	4	0.869
133	8	0.997
133	7	0.999
		
214	1	0.002
214	12	0
214	14	0
214	18	0
214	15	0.004
214	17	0.07
214	13	0.765
214	2	0.002
214	5	0.002
214	6	0
214	11	0.001
214	10	0
214	19	0
214	16	0.517
214	3	0.001
214	9	0.517
214	4	0.023
214	8	0
214	7	0
		
310	1	0.037
310	12	0.916
310	14	0.392
310	18	0.003
310	15	0.084
310	17	0.806
310	13	0.996
310	2	0.392
310	5	0.846
310	6	0.22
310	11	0.328
310	10	0.985
310	19	0.001
310	16	0.988
310	3	0.35
310	9	0.976
310	4	0.916
310	8	0.944
310	7	0.916
		
349	1	0.986
349	12	1
349	14	0.979
349	18	0.038
349	15	0.965
349	17	0.186
349	13	1
349	2	1
349	5	0.455
349	6	1
349	11	1
349	10	0.993
349	19	0.479
349	16	1
349	3	0.158
349	9	1
349	4	0.988
349	8	1
349	7	1
		
397	1	1
397	12	1
397	14	1
397	18	0.352
397	15	1
397	17	1
397	13	1
397	2	1
397	5	0.969
397	6	1
397	11	1
397	10	1
397	19	0.773
397	16	1
397	3	1
397	9	1
397	4	0.998
397	8	1
397	7	1
		
526	1	0.001
526	12	0
526	14	0
526	18	0
526	15	0.068
526	17	0.01
526	13	0.691
526	2	0.001
526	5	0
526	6	0
526	11	0
526	10	0
526	19	0
526	16	0.163
526	3	0.001
526	9	0.163
526	4	0
526	8	0
526	7	0
