 o_10o11	o_14142	 101092_104ob
50	1	0.997
50	2	0.994
50	3	0.978
50	4	0.974
50	5	0.816
50	6	0.987
50	7	0.994
50	8	0.994
50	9	0.999
50	10	0.998
50	11	0.971
50	12	0.994
50	13	0.999
50	14	0.899
50	15	0.816
50	16	0.999
50	20	0.179
50	18	0.03
50	19	0.387
		
		
		
		
		
		
		
		
		
		
		
		
		
		
		
		
		
		
		
		
		
		
		
		
		
		
		
		
		
		
		
		
		
		
		
		
		
		
		
		
		
		
		
		
		
		
		
		
		
		
		
		
		
		
		
		
		
		
		
		
		
		
		
		
		
		
		
		
		
		
		
		
		
		
		
		
		
		
		
		
		
		
		
		
		
		
		
		
		
		
		
		
		
		
		
		
		
		
		
		
		
		
		
		
		
		
		
		
		
		
		
		
		
		
		
		
		
		
		
		
		
		
		
		
		
		
		
		
		
		
		
		
		
		
		
		
		
		
		
		
		
		
		
		
		
		
		
		
		
		
		
		
		
		
		
		
		
		
		
		
		
		
		
		
		
		
		
		
		
		
		
66	1	0.498
66	2	1
66	3	0.998
66	4	1
66	5	1
66	6	1
66	7	1
66	8	1
66	9	1
66	10	1
66	11	0.997
66	12	0.976
66	13	0.999
66	14	0.999
66	15	0.98
66	16	0.874
66	20	0.49
66	18	0.712
66	19	0.617
		
		
		
		
		
		
		
		
		
		
		
		
		
		
		
		
		
		
		
		
		
		
		
		
		
		
		
		
		
		
		
		
		
		
		
		
		
		
		
		
		
		
		
		
		
		
		
		
		
		
		
		
		
		
		
		
		
		
		
		
		
		
		
		
		
		
		
		
		
		
		
		
		
		
		
		
		
		
		
		
		
		
		
		
		
		
		
		
		
		
		
		
		
		
		
		
		
		
		
		
		
		
		
		
		
		
		
		
		
		
		
		
		
		
		
		
		
		
		
		
		
		
		
		
		
		
		
		
		
		
		
		
		
		
		
		
		
		
		
		
		
		
		
		
		
		
		
		
		
		
		
		
		
		
		
		
		
		
		
		
		
		
		
		
		
		
		
		
		
		
		
		
		
		
		
		
		
		
		
		
		
		
		
		
		
		
		
		
		
		
		
		
		
		
		
		
		
		
		
		
		
		
		
		
		
		
		
		
		
		
		
		
		
		
		
		
		
		
		
		
		
		
		
		
		
		
		
		
		
		
		
		
		
		
		
		
		
		
		
		
		
		
		
		
		
		
		
		
		
		
		
		
		
		
		
		
		
		
		
		
		
		
		
		
		
		
		
		
		
		
		
		
		
		
		
		
		
		
		
		
		
		
		
		
		
		
		
		
		
		
		
		
		
		
		
		
		
		
		
		
		
		
		
		
		
		
		
		
		
		
		
		
		
		
		
		
		
		
		
		
		
		
		
		
		
		
		
		
		
		
		
		
		
		
		
		
		
		
		
		
		
		
		
		
		
		
		
		
		
		
		
		
		
		
		
		
		
		
		
		
		
		
		
		
		
		
		
		
		
		
		
		
		
		
		
		
		
		
		
		
		
		
		
		
		
		
		
		
		
		
		
		
		
		
		
		
		
		
		
		
		
		
		
		
		
		
		
		
		
		
		
		
		
		
		
		
		
		
		
		
		
		
		
		
		
		
		
		
		
		
		
		
		
		
		
		
		
		
		
		
		
		
		
		
		
		
		
		
		
		
		
		
		
		
		
		
		
		
		
		
		
		
		
		
		
		
		
		
		
		
		
		
		
		
		
		
		
		
		
		
		
		
		
		
		
		
		
		
		
		
		
		
		
		
		
		
		
		
		
		
		
		
		
		
		
		
		
		
		
		
		
		
		
		
		
		
		
		
		
		
		
		
		
		
		
		
		
		
		
		
		
		
		
		
		
		
		
		
		
		
		
		
		
		
		
		
		
		
		
		
		
		
		
		
		
		
		
		
		
		
		
		
		
		
		
		
		
		
		
		
		
		
		
		
		
		
		
		
		
		
		
		
		
		
		
		
		
		
		
		
		
		
		
		
		
		
		
		
		
		
		
		
		
		
		
		
		
		
249	1	0.998
249	2	1
249	3	1
249	4	1
249	5	1
249	6	1
249	7	1
249	8	1
249	9	1
249	10	1
249	11	1
249	12	1
249	13	1
249	14	1
249	15	1
249	16	1
249	20	1
249	18	1
249	19	1
253	1	0.894
253	2	1
253	3	1
253	4	1
253	5	1
253	6	1
253	7	1
253	8	1
253	9	1
253	10	1
253	11	1
253	12	1
253	13	1
253	14	1
253	15	0.987
253	16	0.999
253	20	0.992
253	18	0.675
253	19	0.989
255	1	0.012
255	2	0.778
255	3	0.071
255	4	0.51
255	5	0.031
255	6	0.246
255	7	0.836
255	8	0.836
255	9	0.023
255	10	0.939
255	11	0.054
255	12	0.006
255	13	0.735
255	14	0.071
255	15	0.003
255	16	0.856
255	20	0.001
255	18	0
255	19	0.002
		
		
		
		
		
		
		
		
		
		
		
		
		
		
		
		
		
		
		
		
		
		
		
		
		
		
		
		
		
		
		
		
		
		
		
		
		
		
270	1	0.999
270	2	1
270	3	1
270	4	1
270	5	1
270	6	1
270	7	1
270	8	1
270	9	1
270	10	1
270	11	1
270	12	1
270	13	0.996
270	14	1
270	15	1
270	16	1
270	20	1
270	18	0.999
270	19	0.999
271	1	1
271	2	1
271	3	1
271	4	1
271	5	1
271	6	1
271	7	1
271	8	1
271	9	1
271	10	1
271	11	1
271	12	1
271	13	1
271	14	1
271	15	1
271	16	0.996
271	20	1
271	18	0.999
271	19	1
		
		
		
		
		
		
		
		
		
		
		
		
		
		
		
		
		
		
		
		
		
		
		
		
		
		
		
		
		
		
		
		
		
		
		
		
		
		
		
		
		
		
		
		
		
		
		
		
		
		
		
		
		
		
		
		
		
		
		
		
		
		
		
		
		
		
		
		
		
		
		
		
		
		
		
		
		
		
		
		
		
		
		
		
		
		
		
		
		
		
		
		
		
		
		
		
		
		
		
		
		
		
		
		
		
		
		
		
		
		
		
		
		
		
		
		
		
		
		
		
		
		
		
		
		
		
		
		
		
		
		
		
		
		
		
		
		
		
		
		
		
		
		
		
		
		
		
		
		
		
		
		
		
		
		
		
		
		
		
		
		
		
		
		
		
		
		
		
		
		
		
295	1	0.997
295	2	1
295	3	1
295	4	1
295	5	1
295	6	1
295	7	1
295	8	1
295	9	1
295	10	1
295	11	0.999
295	12	1
295	13	0.98
295	14	1
295	15	1
295	16	0.978
295	20	0.998
295	18	0.998
295	19	0.999
		
		
		
		
		
		
		
		
		
		
		
		
		
		
		
		
		
		
		
		
		
		
		
		
		
		
		
		
		
		
		
		
		
		
		
		
		
		
		
		
		
		
		
		
		
		
		
		
		
		
		
		
		
		
		
		
		
		
		
		
		
		
		
		
		
		
		
		
		
		
		
		
		
		
		
		
		
		
		
		
		
		
		
		
		
		
		
		
		
		
		
		
		
		
		
		
		
		
		
		
		
		
		
		
		
		
		
		
		
		
		
		
		
		
		
		
		
		
		
		
		
		
		
		
		
		
		
		
		
		
		
		
		
		
		
		
		
		
		
		
		
		
		
		
		
		
		
		
		
		
		
		
		
		
		
		
		
		
		
		
		
		
		
		
		
		
		
		
		
		
		
		
		
		
		
		
		
		
		
		
		
		
		
		
		
		
		
		
		
		
		
		
		
		
		
		
		
		
		
		
		
		
		
		
		
		
		
		
		
		
		
		
		
		
		
		
		
		
		
		
		
		
		
		
		
		
		
		
		
		
		
		
		
		
		
		
		
		
		
		
		
		
		
		
		
		
		
		
		
		
		
		
		
		
		
		
		
		
		
		
		
		
		
		
		
		
		
		
		
		
		
		
		
		
		
		
		
		
		
		
		
		
		
		
		
338	1	0.591
338	2	1
338	3	1
338	4	1
338	5	1
338	6	1
338	7	0.999
338	8	1
338	9	1
338	10	1
338	11	0.999
338	12	1
338	13	0.765
338	14	0.999
338	15	0.998
338	16	1
338	20	0.992
338	18	0.953
338	19	0.974
		
		
		
		
		
		
		
		
		
		
		
		
		
		
		
		
		
		
		
		
		
		
		
		
		
		
		
		
		
		
		
		
		
		
		
		
		
		
		
		
		
		
		
		
		
		
		
		
		
		
		
		
		
		
		
		
		
389	1	0.983
389	2	1
389	3	1
389	4	1
389	5	1
389	6	1
389	7	1
389	8	1
389	9	1
389	10	1
389	11	1
389	12	1
389	13	1
389	14	1
389	15	1
389	16	1
389	20	0.999
389	18	1
389	19	1
		
		
		
		
		
		
		
		
		
		
		
		
		
		
		
		
		
		
		
		
		
		
		
		
		
		
		
		
		
		
		
		
		
		
		
		
		
		
		
		
		
		
		
		
		
		
		
		
		
		
		
		
		
		
		
		
		
		
		
		
		
		
		
		
		
		
		
		
		
		
		
		
		
		
		
		
		
		
		
		
		
		
		
		
		
		
		
		
		
		
		
		
		
		
		
		
		
		
		
		
		
		
		
		
		
		
		
		
		
		
		
		
		
		
		
		
		
		
		
		
		
		
		
		
		
		
		
		
		
		
		
		
		
412	1	0.937
412	2	1
412	3	1
412	4	1
412	5	1
412	6	1
412	7	1
412	8	1
412	9	1
412	10	1
412	11	1
412	12	1
412	13	1
412	14	1
412	15	1
412	16	1
412	20	0.999
412	18	0.998
412	19	1
		
		
		
		
		
		
		
		
		
		
		
		
		
		
		
		
		
		
		
474	1	0.999
474	2	1
474	3	0.998
474	4	0.999
474	5	0.998
474	6	0.998
474	7	0.999
474	8	0.999
474	9	1
474	10	0.999
474	11	0.994
474	12	0.996
474	13	1
474	14	0.674
474	15	0.932
474	16	1
474	20	0.662
474	18	0.021
474	19	0.819
		
		
		
		
		
		
		
		
		
		
		
		
		
		
		
		
		
		
		
		
		
		
		
		
		
		
		
		
		
		
		
		
		
		
		
		
		
		
		
		
		
		
		
		
		
		
		
		
		
		
		
		
		
		
		
		
		
		
		
		
		
		
		
		
		
		
		
		
		
		
		
		
		
		
		
		
		
		
		
		
		
		
		
		
		
		
		
		
		
		
		
		
		
		
		
		
		
		
		
		
		
		
		
		
		
		
		
		
		
		
		
		
		
		
		
		
		
		
		
		
		
		
		
		
		
		
		
		
		
		
		
		
		
